Time (sec), Heater 1 (%), Temperature 1 (degC)
0.000000000000000000e+00,1.097627008000000082e+01,0.000000000000000000e+00
1.001000999999999974e-02,1.097627008000000082e+01,1.028281999999999937e-03
2.002001999999999948e-02,1.097627008000000082e+01,3.841497000000000141e-03
3.003002999999999922e-02,1.097627008000000082e+01,8.064764000000000307e-03
4.004003999999999897e-02,1.097627008000000082e+01,1.336568500000000041e-02
5.005004999999999871e-02,1.097627008000000082e+01,1.945263599999999884e-02
6.006005999999999845e-02,1.097627008000000082e+01,2.607264100000000057e-02
7.007006999999999819e-02,1.097627008000000082e+01,3.300895799999999797e-02
8.008007999999999793e-02,1.097627008000000082e+01,4.007843600000000200e-02
9.009008999999999767e-02,1.097627008000000082e+01,4.712873299999999904e-02
1.001000999999999974e-01,1.097627008000000082e+01,5.403550099999999967e-02
1.101101099999999972e-01,1.097627008000000082e+01,6.069955300000000331e-02
1.201201199999999969e-01,1.097627008000000082e+01,6.704409899999999589e-02
1.301301300000000105e-01,1.097627008000000082e+01,7.301207199999999731e-02
1.401401399999999964e-01,1.097627008000000082e+01,7.856359100000000206e-02
1.501501500000000100e-01,1.097627008000000082e+01,8.367355499999999668e-02
1.601601599999999959e-01,1.097627008000000082e+01,8.832943099999999992e-02
1.701701700000000095e-01,1.097627008000000082e+01,9.252918599999999938e-02
1.801801799999999953e-01,1.097627008000000082e+01,9.627943099999999865e-02
1.901901900000000090e-01,1.097627008000000082e+01,9.959372499999999406e-02
2.002001999999999948e-01,1.097627008000000082e+01,1.024910720000000025e-01
2.102102100000000084e-01,1.097627008000000082e+01,1.049945870000000003e-01
2.202202199999999943e-01,1.097627008000000082e+01,1.071303339999999937e-01
2.302302300000000079e-01,1.097627008000000082e+01,1.089263139999999963e-01
2.402402399999999938e-01,1.097627008000000082e+01,1.104116089999999939e-01
2.502502500000000074e-01,1.097627008000000082e+01,1.116156559999999937e-01
2.602602600000000210e-01,1.097627008000000082e+01,1.125676530000000036e-01
2.702702699999999791e-01,1.097627008000000082e+01,1.132960689999999992e-01
2.802802799999999928e-01,1.097627008000000082e+01,1.138282600000000006e-01
2.902902900000000064e-01,1.097627008000000082e+01,1.141901810000000017e-01
3.003003000000000200e-01,1.097627008000000082e+01,1.144061620000000057e-01
3.103103099999999781e-01,1.097627008000000082e+01,1.144987660000000018e-01
3.203203199999999917e-01,1.097627008000000082e+01,1.144886979999999999e-01
3.303303300000000053e-01,1.097627008000000082e+01,1.143947689999999934e-01
3.403403400000000190e-01,1.097627008000000082e+01,1.142338970000000009e-01
3.503503499999999771e-01,1.097627008000000082e+01,1.140211440000000048e-01
3.603603599999999907e-01,1.097627008000000082e+01,1.137697810000000004e-01
3.703703700000000043e-01,1.097627008000000082e+01,1.134913709999999937e-01
3.803803800000000179e-01,1.097627008000000082e+01,1.131958680000000050e-01
3.903903899999999760e-01,1.097627008000000082e+01,1.128917319999999946e-01
4.004003999999999897e-01,1.097627008000000082e+01,1.125860429999999968e-01
4.104104100000000033e-01,1.097627008000000082e+01,1.122846249999999990e-01
4.204204200000000169e-01,1.097627008000000082e+01,1.119921700000000020e-01
4.304304299999999750e-01,1.097627008000000082e+01,1.117123530000000003e-01
4.404404399999999886e-01,1.097627008000000082e+01,1.114479540000000019e-01
4.504504500000000022e-01,1.097627008000000082e+01,1.112009699999999962e-01
4.604604600000000159e-01,1.097627008000000082e+01,1.109727199999999969e-01
4.704704699999999740e-01,1.097627008000000082e+01,1.107639430000000036e-01
4.804804799999999876e-01,1.097627008000000082e+01,1.105748909999999946e-01
4.904904900000000012e-01,1.097627008000000082e+01,1.104054139999999934e-01
5.005005009999999865e-01,1.097627008000000082e+01,1.102550320000000028e-01
5.105105110000000002e-01,1.097627008000000082e+01,1.101230079999999945e-01
5.205205210000000138e-01,1.097627008000000082e+01,1.100084040000000041e-01
5.305305310000000274e-01,1.097627008000000082e+01,1.099101390000000039e-01
5.405405410000000410e-01,1.097627008000000082e+01,1.098270290000000066e-01
5.505505510000000546e-01,1.097627008000000082e+01,1.097578310000000001e-01
5.605605609999999572e-01,1.097627008000000082e+01,1.097012769999999998e-01
5.705705709999999709e-01,1.097627008000000082e+01,1.096560969999999940e-01
5.805805809999999845e-01,1.097627008000000082e+01,1.096210469999999992e-01
5.905905909999999981e-01,1.097627008000000082e+01,1.095949239999999963e-01
6.006006010000000117e-01,1.097627008000000082e+01,1.095765830000000052e-01
6.106106110000000253e-01,1.097627008000000082e+01,1.095649449999999969e-01
6.206206210000000389e-01,1.097627008000000082e+01,1.095590030000000020e-01
6.306306310000000526e-01,1.097627008000000082e+01,1.095578329999999934e-01
6.406406409999999552e-01,1.097627008000000082e+01,1.095605889999999999e-01
6.506506509999999688e-01,1.097627008000000082e+01,1.095665100000000058e-01
6.606606609999999824e-01,1.097627008000000082e+01,1.095749139999999955e-01
6.706706709999999960e-01,1.097627008000000082e+01,1.095851979999999948e-01
6.806806810000000096e-01,1.097627008000000082e+01,1.095968340000000041e-01
6.906906910000000233e-01,1.097627008000000082e+01,1.096093669999999992e-01
7.007007010000000369e-01,1.097627008000000082e+01,1.096224060000000056e-01
7.107107110000000505e-01,1.097627008000000082e+01,1.096356230000000015e-01
7.207207209999999531e-01,1.097627008000000082e+01,1.096487460000000053e-01
7.307307309999999667e-01,1.097627008000000082e+01,1.096615539999999944e-01
7.407407409999999803e-01,1.097627008000000082e+01,1.096738720000000056e-01
7.507507509999999940e-01,1.097627008000000082e+01,1.096855659999999982e-01
7.607607610000000076e-01,1.097627008000000082e+01,1.096965369999999967e-01
7.707707710000000212e-01,1.097627008000000082e+01,1.097067169999999953e-01
7.807807810000000348e-01,1.097627008000000082e+01,1.097160650000000015e-01
7.907907910000000484e-01,1.097627008000000082e+01,1.097245629999999972e-01
8.008008009999999510e-01,1.097627008000000082e+01,1.097322099999999967e-01
8.108108109999999646e-01,1.097627008000000082e+01,1.097390220000000055e-01
8.208208209999999783e-01,1.097627008000000082e+01,1.097450279999999945e-01
8.308308309999999919e-01,1.097627008000000082e+01,1.097502649999999996e-01
8.408408410000000055e-01,1.097627008000000082e+01,1.097547769999999978e-01
8.508508510000000191e-01,1.097627008000000082e+01,1.097586140000000043e-01
8.608608610000000327e-01,1.097627008000000082e+01,1.097618290000000052e-01
8.708708710000000464e-01,1.097627008000000082e+01,1.097644769999999992e-01
8.808808809999999490e-01,1.097627008000000082e+01,1.097666119999999995e-01
8.908908909999999626e-01,1.097627008000000082e+01,1.097682880000000055e-01
9.009009009999999762e-01,1.097627008000000082e+01,1.097695590000000027e-01
9.109109109999999898e-01,1.097627008000000082e+01,1.097704760000000057e-01
9.209209210000000034e-01,1.097627008000000082e+01,1.097710850000000044e-01
9.309309310000000171e-01,1.097627008000000082e+01,1.097714320000000021e-01
9.409409410000000307e-01,1.097627008000000082e+01,1.097715570000000057e-01
9.509509510000000443e-01,1.097627008000000082e+01,1.097714989999999946e-01
9.609609609999999469e-01,1.097627008000000082e+01,1.097712920000000064e-01
9.709709709999999605e-01,1.097627008000000082e+01,1.097709669999999971e-01
9.809809809999999741e-01,1.097627008000000082e+01,1.097705509999999940e-01
9.909909909999999877e-01,1.097627008000000082e+01,1.097700679999999984e-01
1.001001000999999890e+00,1.097627008000000082e+01,1.097695389999999993e-01
1.011011010999999904e+00,1.097627008000000082e+01,1.097689820000000011e-01
1.021021020999999918e+00,1.097627008000000082e+01,1.097684119999999958e-01
1.031031030999999931e+00,1.097627008000000082e+01,1.097678420000000044e-01
1.041041040999999945e+00,1.097627008000000082e+01,1.097672819999999938e-01
1.051051050999999958e+00,1.097627008000000082e+01,1.097667410000000010e-01
1.061061060999999972e+00,1.097627008000000082e+01,1.097662259999999945e-01
1.071071070999999986e+00,1.097627008000000082e+01,1.097657400000000005e-01
1.081081080999999999e+00,1.097627008000000082e+01,1.097652880000000025e-01
1.091091091000000013e+00,1.097627008000000082e+01,1.097648719999999994e-01
1.101101101000000027e+00,1.097627008000000082e+01,1.097644920000000052e-01
1.111111111000000040e+00,1.097627008000000082e+01,1.097641480000000058e-01
1.121121121000000054e+00,1.097627008000000082e+01,1.097638400000000014e-01
1.131131131000000067e+00,1.097627008000000082e+01,1.097635670000000063e-01
1.141141141000000081e+00,1.097627008000000082e+01,1.097633269999999939e-01
1.151151151000000095e+00,1.097627008000000082e+01,1.097631200000000057e-01
1.161161161000000108e+00,1.097627008000000082e+01,1.097629420000000022e-01
1.171171170999999900e+00,1.097627008000000082e+01,1.097627929999999974e-01
1.181181180999999913e+00,1.097627008000000082e+01,1.097626679999999938e-01
1.191191190999999927e+00,1.097627008000000082e+01,1.097625670000000053e-01
1.201201200999999941e+00,1.097627008000000082e+01,1.097624870000000058e-01
1.211211210999999954e+00,1.097627008000000082e+01,1.097624249999999968e-01
1.221221220999999968e+00,1.097627008000000082e+01,1.097623800000000066e-01
1.231231230999999982e+00,1.097627008000000082e+01,1.097623479999999957e-01
1.241241240999999995e+00,1.097627008000000082e+01,1.097623290000000057e-01
1.251251251000000009e+00,1.097627008000000082e+01,1.097623189999999971e-01
1.261261261000000022e+00,1.097627008000000082e+01,1.097623189999999971e-01
1.271271271000000036e+00,1.097627008000000082e+01,1.097623249999999939e-01
1.281281281000000050e+00,1.097627008000000082e+01,1.097623370000000015e-01
1.291291291000000063e+00,1.097627008000000082e+01,1.097623529999999931e-01
1.301301301000000077e+00,1.097627008000000082e+01,1.097623729999999964e-01
1.311311311000000090e+00,1.097627008000000082e+01,1.097623949999999987e-01
1.321321321000000104e+00,1.097627008000000082e+01,1.097624180000000005e-01
1.331331330999999896e+00,1.097627008000000082e+01,1.097624430000000012e-01
1.341341340999999909e+00,1.097627008000000082e+01,1.097624680000000019e-01
1.351351350999999923e+00,1.097627008000000082e+01,1.097624920000000032e-01
1.361361360999999937e+00,1.097627008000000082e+01,1.097625160000000044e-01
1.371371370999999950e+00,1.097627008000000082e+01,1.097625390000000062e-01
1.381381380999999964e+00,1.097627008000000082e+01,1.097625609999999946e-01
1.391391390999999977e+00,1.097627008000000082e+01,1.097625809999999980e-01
1.401401400999999991e+00,1.097627008000000082e+01,1.097626000000000018e-01
1.411411411000000005e+00,1.097627008000000082e+01,1.097626170000000068e-01
1.421421421000000018e+00,1.097627008000000082e+01,1.097626329999999983e-01
1.431431431000000032e+00,1.097627008000000082e+01,1.097626470000000048e-01
1.441441441000000045e+00,1.097627008000000082e+01,1.097626589999999985e-01
1.451451451000000059e+00,1.097627008000000082e+01,1.097626700000000066e-01
1.461461461000000073e+00,1.097627008000000082e+01,1.097626790000000019e-01
1.471471471000000086e+00,1.097627008000000082e+01,1.097626879999999971e-01
1.481481481000000100e+00,1.097627008000000082e+01,1.097626949999999935e-01
1.491491490999999892e+00,1.097627008000000082e+01,1.097627010000000042e-01
1.501501501999999988e+00,1.097627008000000082e+01,1.097627050000000021e-01
1.511511512000000002e+00,1.097627008000000082e+01,1.097627090000000000e-01
1.521521522000000015e+00,1.097627008000000082e+01,1.097627119999999984e-01
1.531531532000000029e+00,1.097627008000000082e+01,1.097627139999999973e-01
1.541541542000000042e+00,1.097627008000000082e+01,1.097627159999999963e-01
1.551551552000000056e+00,1.097627008000000082e+01,1.097627169999999958e-01
1.561561562000000070e+00,1.097627008000000082e+01,1.097627179999999952e-01
1.571571572000000083e+00,1.097627008000000082e+01,1.097627179999999952e-01
1.581581582000000097e+00,1.097627008000000082e+01,1.097627169999999958e-01
1.591591592000000110e+00,1.097627008000000082e+01,1.097627169999999958e-01
1.601601601999999902e+00,1.097627008000000082e+01,1.097627159999999963e-01
1.611611611999999916e+00,1.097627008000000082e+01,1.097627149999999968e-01
1.621621621999999929e+00,1.097627008000000082e+01,1.097627149999999968e-01
1.631631631999999943e+00,1.097627008000000082e+01,1.097627139999999973e-01
1.641641641999999957e+00,1.097627008000000082e+01,1.097627119999999984e-01
1.651651651999999970e+00,1.097627008000000082e+01,1.097627109999999989e-01
1.661661661999999984e+00,1.097627008000000082e+01,1.097627099999999994e-01
1.671671671999999997e+00,1.097627008000000082e+01,1.097627090000000000e-01
1.681681682000000011e+00,1.097627008000000082e+01,1.097627080000000005e-01
1.691691692000000025e+00,1.097627008000000082e+01,1.097627080000000005e-01
1.701701702000000038e+00,1.097627008000000082e+01,1.097627070000000010e-01
1.711711712000000052e+00,1.097627008000000082e+01,1.097627060000000015e-01
1.721721722000000065e+00,1.097627008000000082e+01,1.097627050000000021e-01
1.731731732000000079e+00,1.097627008000000082e+01,1.097627050000000021e-01
1.741741742000000093e+00,1.097627008000000082e+01,1.097627040000000026e-01
1.751751752000000106e+00,1.097627008000000082e+01,1.097627030000000031e-01
1.761761761999999898e+00,1.097627008000000082e+01,1.097627030000000031e-01
1.771771771999999912e+00,1.097627008000000082e+01,1.097627020000000037e-01
1.781781781999999925e+00,1.097627008000000082e+01,1.097627020000000037e-01
1.791791791999999939e+00,1.097627008000000082e+01,1.097627010000000042e-01
1.801801801999999952e+00,1.097627008000000082e+01,1.097627010000000042e-01
1.811811811999999966e+00,1.097627008000000082e+01,1.097627010000000042e-01
1.821821821999999980e+00,1.097627008000000082e+01,1.097627000000000047e-01
1.831831831999999993e+00,1.097627008000000082e+01,1.097627000000000047e-01
1.841841842000000007e+00,1.097627008000000082e+01,1.097627000000000047e-01
1.851851852000000020e+00,1.097627008000000082e+01,1.097627000000000047e-01
1.861861862000000034e+00,1.097627008000000082e+01,1.097627000000000047e-01
1.871871872000000048e+00,1.097627008000000082e+01,1.097627000000000047e-01
1.881881882000000061e+00,1.097627008000000082e+01,1.097627000000000047e-01
1.891891892000000075e+00,1.097627008000000082e+01,1.097627000000000047e-01
1.901901902000000089e+00,1.097627008000000082e+01,1.097627000000000047e-01
1.911911912000000102e+00,1.097627008000000082e+01,1.097627000000000047e-01
1.921921921999999894e+00,1.097627008000000082e+01,1.097627000000000047e-01
1.931931931999999907e+00,1.097627008000000082e+01,1.097627000000000047e-01
1.941941941999999921e+00,1.097627008000000082e+01,1.097627000000000047e-01
1.951951951999999935e+00,1.097627008000000082e+01,1.097627000000000047e-01
1.961961961999999948e+00,1.097627008000000082e+01,1.097627000000000047e-01
1.971971971999999962e+00,1.097627008000000082e+01,1.097627000000000047e-01
1.981981981999999975e+00,1.097627008000000082e+01,1.097627000000000047e-01
1.991991991999999989e+00,1.097627008000000082e+01,1.097627000000000047e-01
2.002002001999999781e+00,1.430378733000000047e+01,1.097758600000000029e-01
2.012012012000000016e+00,1.430378733000000047e+01,1.102055360000000067e-01
2.022022021999999808e+00,1.430378733000000047e+01,1.111525470000000043e-01
2.032032032000000044e+00,1.430378733000000047e+01,1.125058460000000066e-01
2.042042041999999835e+00,1.430378733000000047e+01,1.141671959999999986e-01
2.052052052000000071e+00,1.430378733000000047e+01,1.160505819999999993e-01
2.062062061999999862e+00,1.430378733000000047e+01,1.180815699999999968e-01
2.072072072000000098e+00,1.430378733000000047e+01,1.201965579999999950e-01
2.082082081999999890e+00,1.430378733000000047e+01,1.223419570000000012e-01
2.092092092000000125e+00,1.430378733000000047e+01,1.244733509999999960e-01
2.102102101999999917e+00,1.430378733000000047e+01,1.265546359999999981e-01
2.112112112000000153e+00,1.430378733000000047e+01,1.285571670000000000e-01
2.122122121999999944e+00,1.430378733000000047e+01,1.304589250000000034e-01
2.132132132000000180e+00,1.430378733000000047e+01,1.322437110000000138e-01
2.142142141999999971e+00,1.430378733000000047e+01,1.339003910000000075e-01
2.152152152000000207e+00,1.430378733000000047e+01,1.354221690000000089e-01
2.162162161999999999e+00,1.430378733000000047e+01,1.368059259999999944e-01
2.172172171999999790e+00,1.430378733000000047e+01,1.380516169999999876e-01
2.182182182000000026e+00,1.430378733000000047e+01,1.391617049999999967e-01
2.192192191999999817e+00,1.430378733000000047e+01,1.401406649999999976e-01
2.202202202000000053e+00,1.430378733000000047e+01,1.409945390000000021e-01
2.212212211999999845e+00,1.430378733000000047e+01,1.417305399999999882e-01
2.222222222000000080e+00,1.430378733000000047e+01,1.423567109999999969e-01
2.232232231999999872e+00,1.430378733000000047e+01,1.428816240000000126e-01
2.242242242000000108e+00,1.430378733000000047e+01,1.433141330000000102e-01
2.252252251999999899e+00,1.430378733000000047e+01,1.436631610000000114e-01
2.262262262000000135e+00,1.430378733000000047e+01,1.439375270000000095e-01
2.272272271999999926e+00,1.430378733000000047e+01,1.441458019999999896e-01
2.282282282000000162e+00,1.430378733000000047e+01,1.442962000000000133e-01
2.292292291999999954e+00,1.430378733000000047e+01,1.443964970000000125e-01
2.302302302000000189e+00,1.430378733000000047e+01,1.444539629999999908e-01
2.312312311999999981e+00,1.430378733000000047e+01,1.444753269999999867e-01
2.322322322000000216e+00,1.430378733000000047e+01,1.444667520000000038e-01
2.332332332000000008e+00,1.430378733000000047e+01,1.444338259999999874e-01
2.342342341999999800e+00,1.430378733000000047e+01,1.443815639999999900e-01
2.352352352000000035e+00,1.430378733000000047e+01,1.443144209999999983e-01
2.362362361999999827e+00,1.430378733000000047e+01,1.442363140000000044e-01
2.372372372000000063e+00,1.430378733000000047e+01,1.441506499999999913e-01
2.382382381999999854e+00,1.430378733000000047e+01,1.440603520000000026e-01
2.392392392000000090e+00,1.430378733000000047e+01,1.439678980000000108e-01
2.402402401999999881e+00,1.430378733000000047e+01,1.438753560000000098e-01
2.412412412000000117e+00,1.430378733000000047e+01,1.437844189999999966e-01
2.422422421999999909e+00,1.430378733000000047e+01,1.436964460000000054e-01
2.432432432000000144e+00,1.430378733000000047e+01,1.436124940000000072e-01
2.442442441999999936e+00,1.430378733000000047e+01,1.435333540000000019e-01
2.452452452000000171e+00,1.430378733000000047e+01,1.434595899999999979e-01
2.462462461999999963e+00,1.430378733000000047e+01,1.433915620000000002e-01
2.472472472000000199e+00,1.430378733000000047e+01,1.433294639999999898e-01
2.482482481999999990e+00,1.430378733000000047e+01,1.432733459999999959e-01
2.492492491999999782e+00,1.430378733000000047e+01,1.432231399999999988e-01
2.502502503000000100e+00,1.430378733000000047e+01,1.431786850000000000e-01
2.512512512999999892e+00,1.430378733000000047e+01,1.431397409999999870e-01
2.522522523000000128e+00,1.430378733000000047e+01,1.431060170000000020e-01
2.532532532999999919e+00,1.430378733000000047e+01,1.430771760000000004e-01
2.542542543000000155e+00,1.430378733000000047e+01,1.430528540000000071e-01
2.552552552999999946e+00,1.430378733000000047e+01,1.430326739999999985e-01
2.562562563000000182e+00,1.430378733000000047e+01,1.430162500000000114e-01
2.572572572999999974e+00,1.430378733000000047e+01,1.430031969999999986e-01
2.582582583000000209e+00,1.430378733000000047e+01,1.429931419999999898e-01
2.592592593000000001e+00,1.430378733000000047e+01,1.429857220000000095e-01
2.602602602999999792e+00,1.430378733000000047e+01,1.429805929999999892e-01
2.612612613000000028e+00,1.430378733000000047e+01,1.429774339999999866e-01
2.622622622999999820e+00,1.430378733000000047e+01,1.429759439999999937e-01
2.632632633000000055e+00,1.430378733000000047e+01,1.429758459999999898e-01
2.642642642999999847e+00,1.430378733000000047e+01,1.429768919999999943e-01
2.652652653000000083e+00,1.430378733000000047e+01,1.429788529999999891e-01
2.662662662999999874e+00,1.430378733000000047e+01,1.429815279999999966e-01
2.672672673000000110e+00,1.430378733000000047e+01,1.429847399999999991e-01
2.682682682999999901e+00,1.430378733000000047e+01,1.429883319999999958e-01
2.692692693000000137e+00,1.430378733000000047e+01,1.429921710000000012e-01
2.702702702999999929e+00,1.430378733000000047e+01,1.429961409999999933e-01
2.712712713000000164e+00,1.430378733000000047e+01,1.430001479999999936e-01
2.722722722999999956e+00,1.430378733000000047e+01,1.430041119999999888e-01
2.732732733000000191e+00,1.430378733000000047e+01,1.430079690000000125e-01
2.742742742999999983e+00,1.430378733000000047e+01,1.430116680000000084e-01
2.752752753000000219e+00,1.430378733000000047e+01,1.430151699999999970e-01
2.762762763000000010e+00,1.430378733000000047e+01,1.430184479999999925e-01
2.772772772999999802e+00,1.430378733000000047e+01,1.430214830000000048e-01
2.782782783000000038e+00,1.430378733000000047e+01,1.430242650000000115e-01
2.792792792999999829e+00,1.430378733000000047e+01,1.430267889999999875e-01
2.802802803000000065e+00,1.430378733000000047e+01,1.430290559999999878e-01
2.812812812999999856e+00,1.430378733000000047e+01,1.430310720000000091e-01
2.822822823000000092e+00,1.430378733000000047e+01,1.430328459999999913e-01
2.832832832999999884e+00,1.430378733000000047e+01,1.430343880000000123e-01
2.842842843000000119e+00,1.430378733000000047e+01,1.430357140000000082e-01
2.852852852999999911e+00,1.430378733000000047e+01,1.430368389999999990e-01
2.862862863000000146e+00,1.430378733000000047e+01,1.430377800000000033e-01
2.872872872999999938e+00,1.430378733000000047e+01,1.430385510000000138e-01
2.882882883000000174e+00,1.430378733000000047e+01,1.430391699999999933e-01
2.892892892999999965e+00,1.430378733000000047e+01,1.430396539999999883e-01
2.902902903000000201e+00,1.430378733000000047e+01,1.430400169999999915e-01
2.912912912999999993e+00,1.430378733000000047e+01,1.430402749999999945e-01
2.922922922999999784e+00,1.430378733000000047e+01,1.430404429999999893e-01
2.932932933000000020e+00,1.430378733000000047e+01,1.430405329999999975e-01
2.942942942999999811e+00,1.430378733000000047e+01,1.430405600000000110e-01
2.952952953000000047e+00,1.430378733000000047e+01,1.430405329999999975e-01
2.962962962999999839e+00,1.430378733000000047e+01,1.430404620000000071e-01
2.972972973000000074e+00,1.430378733000000047e+01,1.430403580000000063e-01
2.982982982999999866e+00,1.430378733000000047e+01,1.430402269999999920e-01
2.992992993000000101e+00,1.430378733000000047e+01,1.430400769999999877e-01
3.003003002999999893e+00,1.430378733000000047e+01,1.430399139999999902e-01
3.013013013000000129e+00,1.430378733000000047e+01,1.430397439999999964e-01
3.023023022999999920e+00,1.430378733000000047e+01,1.430395710000000042e-01
3.033033033000000156e+00,1.430378733000000047e+01,1.430393980000000120e-01
3.043043042999999948e+00,1.430378733000000047e+01,1.430392289999999900e-01
3.053053053000000183e+00,1.430378733000000047e+01,1.430390659999999925e-01
3.063063062999999975e+00,1.430378733000000047e+01,1.430389109999999908e-01
3.073073073000000210e+00,1.430378733000000047e+01,1.430387660000000116e-01
3.083083083000000002e+00,1.430378733000000047e+01,1.430386299999999999e-01
3.093093092999999794e+00,1.430378733000000047e+01,1.430385060000000097e-01
3.103103103000000029e+00,1.430378733000000047e+01,1.430383930000000137e-01
3.113113112999999821e+00,1.430378733000000047e+01,1.430382900000000124e-01
3.123123123000000056e+00,1.430378733000000047e+01,1.430381990000000048e-01
3.133133132999999848e+00,1.430378733000000047e+01,1.430381179999999919e-01
3.143143143000000084e+00,1.430378733000000047e+01,1.430380480000000010e-01
3.153153152999999875e+00,1.430378733000000047e+01,1.430379870000000053e-01
3.163163163000000111e+00,1.430378733000000047e+01,1.430379350000000049e-01
3.173173172999999903e+00,1.430378733000000047e+01,1.430378910000000003e-01
3.183183183000000138e+00,1.430378733000000047e+01,1.430378549999999915e-01
3.193193192999999930e+00,1.430378733000000047e+01,1.430378260000000068e-01
3.203203203000000165e+00,1.430378733000000047e+01,1.430378029999999911e-01
3.213213212999999957e+00,1.430378733000000047e+01,1.430377860000000001e-01
3.223223223000000193e+00,1.430378733000000047e+01,1.430377730000000069e-01
3.233233232999999984e+00,1.430378733000000047e+01,1.430377640000000117e-01
3.243243243000000220e+00,1.430378733000000047e+01,1.430377589999999866e-01
3.253253253000000011e+00,1.430378733000000047e+01,1.430377569999999876e-01
3.263263262999999803e+00,1.430378733000000047e+01,1.430377569999999876e-01
3.273273273000000039e+00,1.430378733000000047e+01,1.430377589999999866e-01
3.283283282999999830e+00,1.430378733000000047e+01,1.430377630000000122e-01
3.293293293000000066e+00,1.430378733000000047e+01,1.430377680000000096e-01
3.303303302999999858e+00,1.430378733000000047e+01,1.430377740000000064e-01
3.313313313000000093e+00,1.430378733000000047e+01,1.430377810000000027e-01
3.323323322999999885e+00,1.430378733000000047e+01,1.430377889999999985e-01
3.333333333000000120e+00,1.430378733000000047e+01,1.430377959999999948e-01
3.343343342999999912e+00,1.430378733000000047e+01,1.430378039999999906e-01
3.353353353000000148e+00,1.430378733000000047e+01,1.430378119999999864e-01
3.363363362999999939e+00,1.430378733000000047e+01,1.430378190000000105e-01
3.373373373000000175e+00,1.430378733000000047e+01,1.430378260000000068e-01
3.383383382999999967e+00,1.430378733000000047e+01,1.430378320000000036e-01
3.393393393000000202e+00,1.430378733000000047e+01,1.430378390000000000e-01
3.403403402999999994e+00,1.430378733000000047e+01,1.430378439999999973e-01
3.413413412999999785e+00,1.430378733000000047e+01,1.430378489999999947e-01
3.423423423000000021e+00,1.430378733000000047e+01,1.430378539999999921e-01
3.433433432999999813e+00,1.430378733000000047e+01,1.430378579999999900e-01
3.443443443000000048e+00,1.430378733000000047e+01,1.430378609999999884e-01
3.453453452999999840e+00,1.430378733000000047e+01,1.430378639999999868e-01
3.463463463000000075e+00,1.430378733000000047e+01,1.430378670000000130e-01
3.473473472999999867e+00,1.430378733000000047e+01,1.430378690000000119e-01
3.483483483000000103e+00,1.430378733000000047e+01,1.430378710000000109e-01
3.493493492999999894e+00,1.430378733000000047e+01,1.430378730000000098e-01
3.503503504000000213e+00,1.430378733000000047e+01,1.430378740000000093e-01
3.513513514000000004e+00,1.430378733000000047e+01,1.430378760000000082e-01
3.523523523999999796e+00,1.430378733000000047e+01,1.430378760000000082e-01
3.533533534000000031e+00,1.430378733000000047e+01,1.430378770000000077e-01
3.543543543999999823e+00,1.430378733000000047e+01,1.430378780000000072e-01
3.553553554000000059e+00,1.430378733000000047e+01,1.430378780000000072e-01
3.563563563999999850e+00,1.430378733000000047e+01,1.430378780000000072e-01
3.573573574000000086e+00,1.430378733000000047e+01,1.430378780000000072e-01
3.583583583999999878e+00,1.430378733000000047e+01,1.430378780000000072e-01
3.593593594000000113e+00,1.430378733000000047e+01,1.430378780000000072e-01
3.603603603999999905e+00,1.430378733000000047e+01,1.430378780000000072e-01
3.613613614000000140e+00,1.430378733000000047e+01,1.430378780000000072e-01
3.623623623999999932e+00,1.430378733000000047e+01,1.430378770000000077e-01
3.633633634000000168e+00,1.430378733000000047e+01,1.430378770000000077e-01
3.643643643999999959e+00,1.430378733000000047e+01,1.430378770000000077e-01
3.653653654000000195e+00,1.430378733000000047e+01,1.430378760000000082e-01
3.663663663999999986e+00,1.430378733000000047e+01,1.430378760000000082e-01
3.673673673999999778e+00,1.430378733000000047e+01,1.430378760000000082e-01
3.683683684000000014e+00,1.430378733000000047e+01,1.430378760000000082e-01
3.693693693999999805e+00,1.430378733000000047e+01,1.430378750000000088e-01
3.703703704000000041e+00,1.430378733000000047e+01,1.430378750000000088e-01
3.713713713999999833e+00,1.430378733000000047e+01,1.430378750000000088e-01
3.723723724000000068e+00,1.430378733000000047e+01,1.430378750000000088e-01
3.733733733999999860e+00,1.430378733000000047e+01,1.430378740000000093e-01
3.743743744000000095e+00,1.430378733000000047e+01,1.430378740000000093e-01
3.753753753999999887e+00,1.430378733000000047e+01,1.430378740000000093e-01
3.763763764000000123e+00,1.430378733000000047e+01,1.430378740000000093e-01
3.773773773999999914e+00,1.430378733000000047e+01,1.430378740000000093e-01
3.783783784000000150e+00,1.430378733000000047e+01,1.430378740000000093e-01
3.793793793999999941e+00,1.430378733000000047e+01,1.430378740000000093e-01
3.803803804000000177e+00,1.430378733000000047e+01,1.430378740000000093e-01
3.813813813999999969e+00,1.430378733000000047e+01,1.430378730000000098e-01
3.823823824000000204e+00,1.430378733000000047e+01,1.430378730000000098e-01
3.833833833999999996e+00,1.430378733000000047e+01,1.430378730000000098e-01
3.843843843999999788e+00,1.430378733000000047e+01,1.430378730000000098e-01
3.853853854000000023e+00,1.430378733000000047e+01,1.430378730000000098e-01
3.863863863999999815e+00,1.430378733000000047e+01,1.430378730000000098e-01
3.873873874000000050e+00,1.430378733000000047e+01,1.430378730000000098e-01
3.883883883999999842e+00,1.430378733000000047e+01,1.430378730000000098e-01
3.893893894000000078e+00,1.430378733000000047e+01,1.430378730000000098e-01
3.903903903999999869e+00,1.430378733000000047e+01,1.430378730000000098e-01
3.913913914000000105e+00,1.430378733000000047e+01,1.430378730000000098e-01
3.923923923999999896e+00,1.430378733000000047e+01,1.430378730000000098e-01
3.933933934000000132e+00,1.430378733000000047e+01,1.430378730000000098e-01
3.943943943999999924e+00,1.430378733000000047e+01,1.430378730000000098e-01
3.953953954000000159e+00,1.430378733000000047e+01,1.430378730000000098e-01
3.963963963999999951e+00,1.430378733000000047e+01,1.430378730000000098e-01
3.973973974000000187e+00,1.430378733000000047e+01,1.430378730000000098e-01
3.983983983999999978e+00,1.430378733000000047e+01,1.430378730000000098e-01
3.993993994000000214e+00,1.430378733000000047e+01,1.430378730000000098e-01
4.004004003999999561e+00,1.205526751999999924e+01,1.430027769999999976e-01
4.014014013999999797e+00,1.205526751999999924e+01,1.426360869999999947e-01
4.024024024000000033e+00,1.205526751999999924e+01,1.419355290000000047e-01
4.034034034000000268e+00,1.205526751999999924e+01,1.409743850000000076e-01
4.044044043999999616e+00,1.205526751999999924e+01,1.398173530000000053e-01
4.054054053999999851e+00,1.205526751999999924e+01,1.385209540000000017e-01
4.064064064000000087e+00,1.205526751999999924e+01,1.371339779999999897e-01
4.074074074000000323e+00,1.205526751999999924e+01,1.356980060000000099e-01
4.084084083999999670e+00,1.205526751999999924e+01,1.342479639999999974e-01
4.094094093999999906e+00,1.205526751999999924e+01,1.328126970000000073e-01
4.104104104000000142e+00,1.205526751999999924e+01,1.314155499999999921e-01
4.114114114000000377e+00,1.205526751999999924e+01,1.300749360000000021e-01
4.124124123999999725e+00,1.205526751999999924e+01,1.288049019999999989e-01
4.134134133999999960e+00,1.205526751999999924e+01,1.276156720000000133e-01
4.144144144000000196e+00,1.205526751999999924e+01,1.265141469999999935e-01
4.154154154000000432e+00,1.205526751999999924e+01,1.255043849999999961e-01
4.164164163999999779e+00,1.205526751999999924e+01,1.245880459999999940e-01
4.174174174000000015e+00,1.205526751999999924e+01,1.237647959999999964e-01
4.184184184000000251e+00,1.205526751999999924e+01,1.230326699999999968e-01
4.194194193999999598e+00,1.205526751999999924e+01,1.223884090000000036e-01
4.204204203999999834e+00,1.205526751999999924e+01,1.218277529999999970e-01
4.214214214000000069e+00,1.205526751999999924e+01,1.213457010000000003e-01
4.224224224000000305e+00,1.205526751999999924e+01,1.209367320000000051e-01
4.234234233999999653e+00,1.205526751999999924e+01,1.205949989999999944e-01
4.244244243999999888e+00,1.205526751999999924e+01,1.203145000000000048e-01
4.254254254000000124e+00,1.205526751999999924e+01,1.200892120000000007e-01
4.264264264000000360e+00,1.205526751999999924e+01,1.199132009999999970e-01
4.274274273999999707e+00,1.205526751999999924e+01,1.197807189999999938e-01
4.284284283999999943e+00,1.205526751999999924e+01,1.196862709999999969e-01
4.294294294000000178e+00,1.205526751999999924e+01,1.196246670000000040e-01
4.304304304000000414e+00,1.205526751999999924e+01,1.195910669999999953e-01
4.314314313999999762e+00,1.205526751999999924e+01,1.195809969999999944e-01
4.324324323999999997e+00,1.205526751999999924e+01,1.195903729999999998e-01
4.334334334000000233e+00,1.205526751999999924e+01,1.196154950000000022e-01
4.344344343999999580e+00,1.205526751999999924e+01,1.196530509999999964e-01
4.354354353999999816e+00,1.205526751999999924e+01,1.197001050000000011e-01
4.364364364000000052e+00,1.205526751999999924e+01,1.197540799999999989e-01
4.374374374000000287e+00,1.205526751999999924e+01,1.198127410000000004e-01
4.384384383999999635e+00,1.205526751999999924e+01,1.198741759999999990e-01
4.394394393999999870e+00,1.205526751999999924e+01,1.199367660000000002e-01
4.404404404000000106e+00,1.205526751999999924e+01,1.199991670000000038e-01
4.414414414000000342e+00,1.205526751999999924e+01,1.200602830000000038e-01
4.424424423999999689e+00,1.205526751999999924e+01,1.201192370000000037e-01
4.434434433999999925e+00,1.205526751999999924e+01,1.201753519999999992e-01
4.444444444000000161e+00,1.205526751999999924e+01,1.202281280000000036e-01
4.454454454000000396e+00,1.205526751999999924e+01,1.202772119999999945e-01
4.464464463999999744e+00,1.205526751999999924e+01,1.203223860000000034e-01
4.474474473999999979e+00,1.205526751999999924e+01,1.203635390000000055e-01
4.484484484000000215e+00,1.205526751999999924e+01,1.204006549999999953e-01
4.494494493999999563e+00,1.205526751999999924e+01,1.204337949999999963e-01
4.504504504999999881e+00,1.205526751999999924e+01,1.204630780000000012e-01
4.514514515000000117e+00,1.205526751999999924e+01,1.204886720000000050e-01
4.524524525000000352e+00,1.205526751999999924e+01,1.205107829999999963e-01
4.534534534999999700e+00,1.205526751999999924e+01,1.205296410000000068e-01
4.544544544999999935e+00,1.205526751999999924e+01,1.205454960000000020e-01
4.554554555000000171e+00,1.205526751999999924e+01,1.205586049999999992e-01
4.564564565000000407e+00,1.205526751999999924e+01,1.205692280000000005e-01
4.574574574999999754e+00,1.205526751999999924e+01,1.205776229999999949e-01
4.584584584999999990e+00,1.205526751999999924e+01,1.205840430000000019e-01
4.594594595000000226e+00,1.205526751999999924e+01,1.205887290000000056e-01
4.604604604999999573e+00,1.205526751999999924e+01,1.205919119999999956e-01
4.614614614999999809e+00,1.205526751999999924e+01,1.205938049999999984e-01
4.624624625000000044e+00,1.205526751999999924e+01,1.205946100000000049e-01
4.634634635000000280e+00,1.205526751999999924e+01,1.205945080000000030e-01
4.644644644999999628e+00,1.205526751999999924e+01,1.205936660000000021e-01
4.654654654999999863e+00,1.205526751999999924e+01,1.205922329999999931e-01
4.664664665000000099e+00,1.205526751999999924e+01,1.205903430000000026e-01
4.674674675000000335e+00,1.205526751999999924e+01,1.205881129999999968e-01
4.684684684999999682e+00,1.205526751999999924e+01,1.205856450000000052e-01
4.694694694999999918e+00,1.205526751999999924e+01,1.205830279999999949e-01
4.704704705000000153e+00,1.205526751999999924e+01,1.205803339999999974e-01
4.714714715000000389e+00,1.205526751999999924e+01,1.205776280000000061e-01
4.724724724999999736e+00,1.205526751999999924e+01,1.205749599999999949e-01
4.734734734999999972e+00,1.205526751999999924e+01,1.205723729999999966e-01
4.744744745000000208e+00,1.205526751999999924e+01,1.205698969999999953e-01
4.754754755000000443e+00,1.205526751999999924e+01,1.205675590000000047e-01
4.764764764999999791e+00,1.205526751999999924e+01,1.205653750000000024e-01
4.774774775000000027e+00,1.205526751999999924e+01,1.205633569999999960e-01
4.784784785000000262e+00,1.205526751999999924e+01,1.205615119999999957e-01
4.794794794999999610e+00,1.205526751999999924e+01,1.205598420000000004e-01
4.804804804999999845e+00,1.205526751999999924e+01,1.205583439999999978e-01
4.814814815000000081e+00,1.205526751999999924e+01,1.205570160000000030e-01
4.824824825000000317e+00,1.205526751999999924e+01,1.205558500000000061e-01
4.834834834999999664e+00,1.205526751999999924e+01,1.205548369999999980e-01
4.844844844999999900e+00,1.205526751999999924e+01,1.205539689999999969e-01
4.854854855000000136e+00,1.205526751999999924e+01,1.205532349999999947e-01
4.864864865000000371e+00,1.205526751999999924e+01,1.205526249999999966e-01
4.874874874999999719e+00,1.205526751999999924e+01,1.205521259999999956e-01
4.884884884999999954e+00,1.205526751999999924e+01,1.205517269999999974e-01
4.894894895000000190e+00,1.205526751999999924e+01,1.205514179999999935e-01
4.904904905000000426e+00,1.205526751999999924e+01,1.205511870000000041e-01
4.914914914999999773e+00,1.205526751999999924e+01,1.205510250000000061e-01
4.924924925000000009e+00,1.205526751999999924e+01,1.205509220000000048e-01
4.934934935000000245e+00,1.205526751999999924e+01,1.205508700000000044e-01
4.944944944999999592e+00,1.205526751999999924e+01,1.205508599999999958e-01
4.954954954999999828e+00,1.205526751999999924e+01,1.205508849999999965e-01
4.964964965000000063e+00,1.205526751999999924e+01,1.205509379999999964e-01
4.974974975000000299e+00,1.205526751999999924e+01,1.205510129999999985e-01
4.984984984999999647e+00,1.205526751999999924e+01,1.205511040000000061e-01
4.994994994999999882e+00,1.205526751999999924e+01,1.205512069999999936e-01
5.005005005000000118e+00,1.205526751999999924e+01,1.205513180000000045e-01
5.015015015000000353e+00,1.205526751999999924e+01,1.205514339999999990e-01
5.025025024999999701e+00,1.205526751999999924e+01,1.205515510000000068e-01
5.035035034999999937e+00,1.205526751999999924e+01,1.205516680000000007e-01
5.045045045000000172e+00,1.205526751999999924e+01,1.205517809999999967e-01
5.055055055000000408e+00,1.205526751999999924e+01,1.205518899999999949e-01
5.065065064999999755e+00,1.205526751999999924e+01,1.205519939999999957e-01
5.075075074999999991e+00,1.205526751999999924e+01,1.205520910000000001e-01
5.085085085000000227e+00,1.205526751999999924e+01,1.205521809999999944e-01
5.095095094999999574e+00,1.205526751999999924e+01,1.205522640000000062e-01
5.105105104999999810e+00,1.205526751999999924e+01,1.205523379999999950e-01
5.115115115000000046e+00,1.205526751999999924e+01,1.205524060000000008e-01
5.125125125000000281e+00,1.205526751999999924e+01,1.205524649999999975e-01
5.135135134999999629e+00,1.205526751999999924e+01,1.205525179999999974e-01
5.145145144999999864e+00,1.205526751999999924e+01,1.205525640000000009e-01
5.155155155000000100e+00,1.205526751999999924e+01,1.205526029999999943e-01
5.165165165000000336e+00,1.205526751999999924e+01,1.205526370000000042e-01
5.175175174999999683e+00,1.205526751999999924e+01,1.205526660000000028e-01
5.185185184999999919e+00,1.205526751999999924e+01,1.205526890000000045e-01
5.195195195000000155e+00,1.205526751999999924e+01,1.205527079999999945e-01
5.205205205000000390e+00,1.205526751999999924e+01,1.205527230000000005e-01
5.215215214999999738e+00,1.205526751999999924e+01,1.205527349999999942e-01
5.225225224999999973e+00,1.205526751999999924e+01,1.205527430000000039e-01
5.235235235000000209e+00,1.205526751999999924e+01,1.205527490000000007e-01
5.245245244999999557e+00,1.205526751999999924e+01,1.205527519999999991e-01
5.255255254999999792e+00,1.205526751999999924e+01,1.205527529999999986e-01
5.265265265000000028e+00,1.205526751999999924e+01,1.205527529999999986e-01
5.275275275000000264e+00,1.205526751999999924e+01,1.205527509999999997e-01
5.285285284999999611e+00,1.205526751999999924e+01,1.205527490000000007e-01
5.295295294999999847e+00,1.205526751999999924e+01,1.205527450000000028e-01
5.305305305000000082e+00,1.205526751999999924e+01,1.205527410000000049e-01
5.315315315000000318e+00,1.205526751999999924e+01,1.205527359999999937e-01
5.325325324999999665e+00,1.205526751999999924e+01,1.205527309999999963e-01
5.335335334999999901e+00,1.205526751999999924e+01,1.205527259999999989e-01
5.345345345000000137e+00,1.205526751999999924e+01,1.205527210000000016e-01
5.355355355000000372e+00,1.205526751999999924e+01,1.205527160000000042e-01
5.365365364999999720e+00,1.205526751999999924e+01,1.205527110000000068e-01
5.375375374999999956e+00,1.205526751999999924e+01,1.205527069999999951e-01
5.385385385000000191e+00,1.205526751999999924e+01,1.205527029999999972e-01
5.395395395000000427e+00,1.205526751999999924e+01,1.205526989999999993e-01
5.405405404999999774e+00,1.205526751999999924e+01,1.205526950000000014e-01
5.415415415000000010e+00,1.205526751999999924e+01,1.205526920000000030e-01
5.425425425000000246e+00,1.205526751999999924e+01,1.205526890000000045e-01
5.435435434999999593e+00,1.205526751999999924e+01,1.205526860000000061e-01
5.445445444999999829e+00,1.205526751999999924e+01,1.205526839999999933e-01
5.455455455000000065e+00,1.205526751999999924e+01,1.205526819999999943e-01
5.465465465000000300e+00,1.205526751999999924e+01,1.205526799999999954e-01
5.475475474999999648e+00,1.205526751999999924e+01,1.205526779999999964e-01
5.485485484999999883e+00,1.205526751999999924e+01,1.205526769999999970e-01
5.495495495000000119e+00,1.205526751999999924e+01,1.205526759999999975e-01
5.505505506000000437e+00,1.205526751999999924e+01,1.205526749999999980e-01
5.515515515999999785e+00,1.205526751999999924e+01,1.205526739999999986e-01
5.525525526000000021e+00,1.205526751999999924e+01,1.205526739999999986e-01
5.535535536000000256e+00,1.205526751999999924e+01,1.205526729999999991e-01
5.545545545999999604e+00,1.205526751999999924e+01,1.205526729999999991e-01
5.555555555999999839e+00,1.205526751999999924e+01,1.205526729999999991e-01
5.565565566000000075e+00,1.205526751999999924e+01,1.205526729999999991e-01
5.575575576000000311e+00,1.205526751999999924e+01,1.205526729999999991e-01
5.585585585999999658e+00,1.205526751999999924e+01,1.205526729999999991e-01
5.595595595999999894e+00,1.205526751999999924e+01,1.205526729999999991e-01
5.605605606000000130e+00,1.205526751999999924e+01,1.205526729999999991e-01
5.615615616000000365e+00,1.205526751999999924e+01,1.205526729999999991e-01
5.625625625999999713e+00,1.205526751999999924e+01,1.205526729999999991e-01
5.635635635999999948e+00,1.205526751999999924e+01,1.205526729999999991e-01
5.645645646000000184e+00,1.205526751999999924e+01,1.205526729999999991e-01
5.655655656000000420e+00,1.205526751999999924e+01,1.205526729999999991e-01
5.665665665999999767e+00,1.205526751999999924e+01,1.205526729999999991e-01
5.675675676000000003e+00,1.205526751999999924e+01,1.205526739999999986e-01
5.685685686000000238e+00,1.205526751999999924e+01,1.205526739999999986e-01
5.695695695999999586e+00,1.205526751999999924e+01,1.205526739999999986e-01
5.705705705999999822e+00,1.205526751999999924e+01,1.205526739999999986e-01
5.715715716000000057e+00,1.205526751999999924e+01,1.205526739999999986e-01
5.725725726000000293e+00,1.205526751999999924e+01,1.205526739999999986e-01
5.735735735999999640e+00,1.205526751999999924e+01,1.205526739999999986e-01
5.745745745999999876e+00,1.205526751999999924e+01,1.205526739999999986e-01
5.755755756000000112e+00,1.205526751999999924e+01,1.205526739999999986e-01
5.765765766000000347e+00,1.205526751999999924e+01,1.205526739999999986e-01
5.775775775999999695e+00,1.205526751999999924e+01,1.205526749999999980e-01
5.785785785999999931e+00,1.205526751999999924e+01,1.205526749999999980e-01
5.795795796000000166e+00,1.205526751999999924e+01,1.205526749999999980e-01
5.805805806000000402e+00,1.205526751999999924e+01,1.205526749999999980e-01
5.815815815999999749e+00,1.205526751999999924e+01,1.205526749999999980e-01
5.825825825999999985e+00,1.205526751999999924e+01,1.205526749999999980e-01
5.835835836000000221e+00,1.205526751999999924e+01,1.205526749999999980e-01
5.845845845999999568e+00,1.205526751999999924e+01,1.205526749999999980e-01
5.855855855999999804e+00,1.205526751999999924e+01,1.205526749999999980e-01
5.865865866000000040e+00,1.205526751999999924e+01,1.205526749999999980e-01
5.875875876000000275e+00,1.205526751999999924e+01,1.205526749999999980e-01
5.885885885999999623e+00,1.205526751999999924e+01,1.205526749999999980e-01
5.895895895999999858e+00,1.205526751999999924e+01,1.205526749999999980e-01
5.905905906000000094e+00,1.205526751999999924e+01,1.205526749999999980e-01
5.915915916000000330e+00,1.205526751999999924e+01,1.205526749999999980e-01
5.925925925999999677e+00,1.205526751999999924e+01,1.205526749999999980e-01
5.935935935999999913e+00,1.205526751999999924e+01,1.205526749999999980e-01
5.945945946000000149e+00,1.205526751999999924e+01,1.205526749999999980e-01
5.955955956000000384e+00,1.205526751999999924e+01,1.205526749999999980e-01
5.965965965999999732e+00,1.205526751999999924e+01,1.205526749999999980e-01
5.975975975999999967e+00,1.205526751999999924e+01,1.205526749999999980e-01
5.985985986000000203e+00,1.205526751999999924e+01,1.205526749999999980e-01
5.995995996000000439e+00,1.205526751999999924e+01,1.205526749999999980e-01
6.006006005999999786e+00,1.089766365999999920e+01,1.205125640000000026e-01
6.016016016000000022e+00,1.089766365999999920e+01,1.202861689999999983e-01
6.026026026000000257e+00,1.089766365999999920e+01,1.198957949999999995e-01
6.036036035999999605e+00,1.089766365999999920e+01,1.193782740000000064e-01
6.046046045999999841e+00,1.089766365999999920e+01,1.187660529999999964e-01
6.056056056000000076e+00,1.089766365999999920e+01,1.180874130000000022e-01
6.066066066000000312e+00,1.089766365999999920e+01,1.173667149999999965e-01
6.076076075999999659e+00,1.089766365999999920e+01,1.166246529999999948e-01
6.086086085999999895e+00,1.089766365999999920e+01,1.158785580000000065e-01
6.096096096000000131e+00,1.089766365999999920e+01,1.151426890000000064e-01
6.106106106000000366e+00,1.089766365999999920e+01,1.144285329999999989e-01
6.116116115999999714e+00,1.089766365999999920e+01,1.137450990000000023e-01
6.126126125999999950e+00,1.089766365999999920e+01,1.130992059999999938e-01
6.136136136000000185e+00,1.089766365999999920e+01,1.124957520000000044e-01
6.146146146000000421e+00,1.089766365999999920e+01,1.119379790000000069e-01
6.156156155999999768e+00,1.089766365999999920e+01,1.114277099999999993e-01
6.166166166000000004e+00,1.089766365999999920e+01,1.109655799999999942e-01
6.176176176000000240e+00,1.089766365999999920e+01,1.105512339999999982e-01
6.186186185999999587e+00,1.089766365999999920e+01,1.101835149999999958e-01
6.196196195999999823e+00,1.089766365999999920e+01,1.098606270000000024e-01
6.206206206000000059e+00,1.089766365999999920e+01,1.095802929999999953e-01
6.216216216000000294e+00,1.089766365999999920e+01,1.093398760000000025e-01
6.226226225999999642e+00,1.089766365999999920e+01,1.091364950000000000e-01
6.236236235999999877e+00,1.089766365999999920e+01,1.089671150000000033e-01
6.246246246000000113e+00,1.089766365999999920e+01,1.088286390000000048e-01
6.256256256000000349e+00,1.089766365999999920e+01,1.087179699999999971e-01
6.266266265999999696e+00,1.089766365999999920e+01,1.086320699999999972e-01
6.276276275999999932e+00,1.089766365999999920e+01,1.085680029999999963e-01
6.286286286000000167e+00,1.089766365999999920e+01,1.085229689999999969e-01
6.296296296000000403e+00,1.089766365999999920e+01,1.084943309999999994e-01
6.306306305999999751e+00,1.089766365999999920e+01,1.084796330000000059e-01
6.316316315999999986e+00,1.089766365999999920e+01,1.084766139999999990e-01
6.326326326000000222e+00,1.089766365999999920e+01,1.084832089999999971e-01
6.336336335999999569e+00,1.089766365999999920e+01,1.084975529999999966e-01
6.346346345999999805e+00,1.089766365999999920e+01,1.085179809999999995e-01
6.356356356000000041e+00,1.089766365999999920e+01,1.085430190000000045e-01
6.366366366000000276e+00,1.089766365999999920e+01,1.085713769999999967e-01
6.376376375999999624e+00,1.089766365999999920e+01,1.086019369999999956e-01
6.386386385999999860e+00,1.089766365999999920e+01,1.086337460000000033e-01
6.396396396000000095e+00,1.089766365999999920e+01,1.086660009999999982e-01
6.406406406000000331e+00,1.089766365999999920e+01,1.086980359999999979e-01
6.416416415999999678e+00,1.089766365999999920e+01,1.087293109999999952e-01
6.426426425999999914e+00,1.089766365999999920e+01,1.087593949999999948e-01
6.436436436000000150e+00,1.089766365999999920e+01,1.087879600000000030e-01
6.446446446000000385e+00,1.089766365999999920e+01,1.088147639999999944e-01
6.456456455999999733e+00,1.089766365999999920e+01,1.088396390000000019e-01
6.466466465999999969e+00,1.089766365999999920e+01,1.088624849999999950e-01
6.476476476000000204e+00,1.089766365999999920e+01,1.088832559999999977e-01
6.486486486000000440e+00,1.089766365999999920e+01,1.089019519999999963e-01
6.496496495999999787e+00,1.089766365999999920e+01,1.089186099999999990e-01
6.506506507000000106e+00,1.089766365999999920e+01,1.089332969999999984e-01
6.516516517000000341e+00,1.089766365999999920e+01,1.089461070000000004e-01
6.526526526999999689e+00,1.089766365999999920e+01,1.089571460000000047e-01
6.536536536999999925e+00,1.089766365999999920e+01,1.089665370000000022e-01
6.546546547000000160e+00,1.089766365999999920e+01,1.089744069999999954e-01
6.556556557000000396e+00,1.089766365999999920e+01,1.089808889999999975e-01
6.566566566999999743e+00,1.089766365999999920e+01,1.089861169999999935e-01
6.576576576999999979e+00,1.089766365999999920e+01,1.089902249999999961e-01
6.586586587000000215e+00,1.089766365999999920e+01,1.089933409999999936e-01
6.596596596999999562e+00,1.089766365999999920e+01,1.089955890000000038e-01
6.606606606999999798e+00,1.089766365999999920e+01,1.089970860000000069e-01
6.616616617000000033e+00,1.089766365999999920e+01,1.089979400000000015e-01
6.626626627000000269e+00,1.089766365999999920e+01,1.089982530000000033e-01
6.636636636999999617e+00,1.089766365999999920e+01,1.089981170000000055e-01
6.646646646999999852e+00,1.089766365999999920e+01,1.089976160000000055e-01
6.656656657000000088e+00,1.089766365999999920e+01,1.089968260000000050e-01
6.666666667000000324e+00,1.089766365999999920e+01,1.089958129999999970e-01
6.676676676999999671e+00,1.089766365999999920e+01,1.089946360000000058e-01
6.686686686999999907e+00,1.089766365999999920e+01,1.089933460000000048e-01
6.696696697000000142e+00,1.089766365999999920e+01,1.089919879999999980e-01
6.706706707000000378e+00,1.089766365999999920e+01,1.089905969999999946e-01
6.716716716999999726e+00,1.089766365999999920e+01,1.089892060000000051e-01
6.726726726999999961e+00,1.089766365999999920e+01,1.089878390000000030e-01
6.736736737000000197e+00,1.089766365999999920e+01,1.089865170000000050e-01
6.746746747000000433e+00,1.089766365999999920e+01,1.089852550000000031e-01
6.756756756999999780e+00,1.089766365999999920e+01,1.089840670000000039e-01
6.766766767000000016e+00,1.089766365999999920e+01,1.089829590000000042e-01
6.776776777000000251e+00,1.089766365999999920e+01,1.089819380000000004e-01
6.786786786999999599e+00,1.089766365999999920e+01,1.089810060000000053e-01
6.796796796999999835e+00,1.089766365999999920e+01,1.089801640000000044e-01
6.806806807000000070e+00,1.089766365999999920e+01,1.089794109999999983e-01
6.816816817000000306e+00,1.089766365999999920e+01,1.089787450000000019e-01
6.826826826999999653e+00,1.089766365999999920e+01,1.089781610000000039e-01
6.836836836999999889e+00,1.089766365999999920e+01,1.089776560000000061e-01
6.846846847000000125e+00,1.089766365999999920e+01,1.089772229999999981e-01
6.856856857000000360e+00,1.089766365999999920e+01,1.089768589999999954e-01
6.866866866999999708e+00,1.089766365999999920e+01,1.089765560000000022e-01
6.876876876999999944e+00,1.089766365999999920e+01,1.089763089999999934e-01
6.886886887000000179e+00,1.089766365999999920e+01,1.089761129999999995e-01
6.896896897000000415e+00,1.089766365999999920e+01,1.089759619999999957e-01
6.906906906999999762e+00,1.089766365999999920e+01,1.089758499999999991e-01
6.916916916999999998e+00,1.089766365999999920e+01,1.089757729999999980e-01
6.926926927000000234e+00,1.089766365999999920e+01,1.089757259999999950e-01
6.936936936999999581e+00,1.089766365999999920e+01,1.089757040000000066e-01
6.946946946999999817e+00,1.089766365999999920e+01,1.089757040000000066e-01
6.956956957000000052e+00,1.089766365999999920e+01,1.089757199999999981e-01
6.966966967000000288e+00,1.089766365999999920e+01,1.089757499999999962e-01
6.976976976999999636e+00,1.089766365999999920e+01,1.089757900000000029e-01
6.986986986999999871e+00,1.089766365999999920e+01,1.089758380000000054e-01
6.996996997000000107e+00,1.089766365999999920e+01,1.089758920000000048e-01
7.007007007000000343e+00,1.089766365999999920e+01,1.089759500000000020e-01
7.017017016999999690e+00,1.089766365999999920e+01,1.089760089999999987e-01
7.027027026999999926e+00,1.089766365999999920e+01,1.089760689999999949e-01
7.037037037000000161e+00,1.089766365999999920e+01,1.089761290000000049e-01
7.047047047000000397e+00,1.089766365999999920e+01,1.089761870000000021e-01
7.057057056999999745e+00,1.089766365999999920e+01,1.089762430000000004e-01
7.067067066999999980e+00,1.089766365999999920e+01,1.089762960000000003e-01
7.077077077000000216e+00,1.089766365999999920e+01,1.089763450000000022e-01
7.087087086999999563e+00,1.089766365999999920e+01,1.089763910000000058e-01
7.097097096999999799e+00,1.089766365999999920e+01,1.089764329999999976e-01
7.107107107000000035e+00,1.089766365999999920e+01,1.089764710000000053e-01
7.117117117000000270e+00,1.089766365999999920e+01,1.089765050000000013e-01
7.127127126999999618e+00,1.089766365999999920e+01,1.089765349999999994e-01
7.137137136999999854e+00,1.089766365999999920e+01,1.089765619999999990e-01
7.147147147000000089e+00,1.089766365999999920e+01,1.089765850000000008e-01
7.157157157000000325e+00,1.089766365999999920e+01,1.089766050000000042e-01
7.167167166999999672e+00,1.089766365999999920e+01,1.089766209999999957e-01
7.177177176999999908e+00,1.089766365999999920e+01,1.089766350000000023e-01
7.187187187000000144e+00,1.089766365999999920e+01,1.089766469999999959e-01
7.197197197000000379e+00,1.089766365999999920e+01,1.089766560000000051e-01
7.207207206999999727e+00,1.089766365999999920e+01,1.089766630000000014e-01
7.217217216999999962e+00,1.089766365999999920e+01,1.089766679999999988e-01
7.227227227000000198e+00,1.089766365999999920e+01,1.089766719999999967e-01
7.237237237000000434e+00,1.089766365999999920e+01,1.089766749999999951e-01
7.247247246999999781e+00,1.089766365999999920e+01,1.089766759999999945e-01
7.257257257000000017e+00,1.089766365999999920e+01,1.089766769999999940e-01
7.267267267000000253e+00,1.089766365999999920e+01,1.089766759999999945e-01
7.277277276999999600e+00,1.089766365999999920e+01,1.089766749999999951e-01
7.287287286999999836e+00,1.089766365999999920e+01,1.089766739999999956e-01
7.297297297000000071e+00,1.089766365999999920e+01,1.089766719999999967e-01
7.307307307000000307e+00,1.089766365999999920e+01,1.089766699999999977e-01
7.317317316999999655e+00,1.089766365999999920e+01,1.089766669999999993e-01
7.327327326999999890e+00,1.089766365999999920e+01,1.089766650000000003e-01
7.337337337000000126e+00,1.089766365999999920e+01,1.089766620000000019e-01
7.347347347000000362e+00,1.089766365999999920e+01,1.089766600000000030e-01
7.357357356999999709e+00,1.089766365999999920e+01,1.089766570000000045e-01
7.367367366999999945e+00,1.089766365999999920e+01,1.089766550000000056e-01
7.377377377000000180e+00,1.089766365999999920e+01,1.089766519999999933e-01
7.387387387000000416e+00,1.089766365999999920e+01,1.089766499999999944e-01
7.397397396999999764e+00,1.089766365999999920e+01,1.089766479999999954e-01
7.407407406999999999e+00,1.089766365999999920e+01,1.089766459999999965e-01
7.417417417000000235e+00,1.089766365999999920e+01,1.089766439999999975e-01
7.427427426999999582e+00,1.089766365999999920e+01,1.089766429999999980e-01
7.437437436999999818e+00,1.089766365999999920e+01,1.089766409999999991e-01
7.447447447000000054e+00,1.089766365999999920e+01,1.089766399999999996e-01
7.457457457000000289e+00,1.089766365999999920e+01,1.089766390000000001e-01
7.467467466999999637e+00,1.089766365999999920e+01,1.089766380000000007e-01
7.477477476999999872e+00,1.089766365999999920e+01,1.089766380000000007e-01
7.487487487000000108e+00,1.089766365999999920e+01,1.089766370000000012e-01
7.497497497000000344e+00,1.089766365999999920e+01,1.089766360000000017e-01
7.507507507999999774e+00,1.089766365999999920e+01,1.089766360000000017e-01
7.517517518000000010e+00,1.089766365999999920e+01,1.089766360000000017e-01
7.527527528000000245e+00,1.089766365999999920e+01,1.089766360000000017e-01
7.537537537999999593e+00,1.089766365999999920e+01,1.089766360000000017e-01
7.547547547999999829e+00,1.089766365999999920e+01,1.089766360000000017e-01
7.557557558000000064e+00,1.089766365999999920e+01,1.089766360000000017e-01
7.567567568000000300e+00,1.089766365999999920e+01,1.089766360000000017e-01
7.577577577999999647e+00,1.089766365999999920e+01,1.089766360000000017e-01
7.587587587999999883e+00,1.089766365999999920e+01,1.089766360000000017e-01
7.597597598000000119e+00,1.089766365999999920e+01,1.089766360000000017e-01
7.607607608000000354e+00,1.089766365999999920e+01,1.089766360000000017e-01
7.617617617999999702e+00,1.089766365999999920e+01,1.089766360000000017e-01
7.627627627999999937e+00,1.089766365999999920e+01,1.089766360000000017e-01
7.637637638000000173e+00,1.089766365999999920e+01,1.089766360000000017e-01
7.647647648000000409e+00,1.089766365999999920e+01,1.089766360000000017e-01
7.657657657999999756e+00,1.089766365999999920e+01,1.089766360000000017e-01
7.667667667999999992e+00,1.089766365999999920e+01,1.089766360000000017e-01
7.677677678000000228e+00,1.089766365999999920e+01,1.089766360000000017e-01
7.687687687999999575e+00,1.089766365999999920e+01,1.089766360000000017e-01
7.697697697999999811e+00,1.089766365999999920e+01,1.089766360000000017e-01
7.707707708000000046e+00,1.089766365999999920e+01,1.089766360000000017e-01
7.717717718000000282e+00,1.089766365999999920e+01,1.089766360000000017e-01
7.727727727999999630e+00,1.089766365999999920e+01,1.089766360000000017e-01
7.737737737999999865e+00,1.089766365999999920e+01,1.089766360000000017e-01
7.747747748000000101e+00,1.089766365999999920e+01,1.089766360000000017e-01
7.757757758000000337e+00,1.089766365999999920e+01,1.089766360000000017e-01
7.767767767999999684e+00,1.089766365999999920e+01,1.089766360000000017e-01
7.777777777999999920e+00,1.089766365999999920e+01,1.089766360000000017e-01
7.787787788000000155e+00,1.089766365999999920e+01,1.089766360000000017e-01
7.797797798000000391e+00,1.089766365999999920e+01,1.089766360000000017e-01
7.807807807999999739e+00,1.089766365999999920e+01,1.089766360000000017e-01
7.817817817999999974e+00,1.089766365999999920e+01,1.089766360000000017e-01
7.827827828000000210e+00,1.089766365999999920e+01,1.089766360000000017e-01
7.837837837999999557e+00,1.089766365999999920e+01,1.089766360000000017e-01
7.847847847999999793e+00,1.089766365999999920e+01,1.089766360000000017e-01
7.857857858000000029e+00,1.089766365999999920e+01,1.089766360000000017e-01
7.867867868000000264e+00,1.089766365999999920e+01,1.089766360000000017e-01
7.877877877999999612e+00,1.089766365999999920e+01,1.089766360000000017e-01
7.887887887999999847e+00,1.089766365999999920e+01,1.089766360000000017e-01
7.897897898000000083e+00,1.089766365999999920e+01,1.089766360000000017e-01
7.907907908000000319e+00,1.089766365999999920e+01,1.089766360000000017e-01
7.917917917999999666e+00,1.089766365999999920e+01,1.089766360000000017e-01
7.927927927999999902e+00,1.089766365999999920e+01,1.089766360000000017e-01
7.937937938000000138e+00,1.089766365999999920e+01,1.089766360000000017e-01
7.947947948000000373e+00,1.089766365999999920e+01,1.089766360000000017e-01
7.957957957999999721e+00,1.089766365999999920e+01,1.089766360000000017e-01
7.967967967999999956e+00,1.089766365999999920e+01,1.089766360000000017e-01
7.977977978000000192e+00,1.089766365999999920e+01,1.089766360000000017e-01
7.987987988000000428e+00,1.089766365999999920e+01,1.089766360000000017e-01
7.997997997999999775e+00,1.089766365999999920e+01,1.089766360000000017e-01
8.008008007999999123e+00,8.473095987000000662e+00,1.088292839999999984e-01
8.018018017999999358e+00,8.473095987000000662e+00,1.082797929999999992e-01
8.028028027999999594e+00,8.473095987000000662e+00,1.074030339999999945e-01
8.038038037999999830e+00,8.473095987000000662e+00,1.062742789999999993e-01
8.048048048000000065e+00,8.473095987000000662e+00,1.049597099999999977e-01
8.058058058000000301e+00,8.473095987000000662e+00,1.035168769999999933e-01
8.068068068000000537e+00,8.473095987000000662e+00,1.019952100000000028e-01
8.078078078000000772e+00,8.473095987000000662e+00,1.004366029999999993e-01
8.088088087999999232e+00,8.473095987000000662e+00,9.887601599999999713e-02
8.098098097999999467e+00,8.473095987000000662e+00,9.734210599999999769e-02
8.108108107999999703e+00,8.473095987000000662e+00,9.585784199999999866e-02
8.118118117999999939e+00,8.473095987000000662e+00,9.444112999999999813e-02
8.128128128000000174e+00,8.473095987000000662e+00,9.310540000000000482e-02
8.138138138000000410e+00,8.473095987000000662e+00,9.186017500000000224e-02
8.148148148000000646e+00,8.473095987000000662e+00,9.071161499999999545e-02
8.158158158000000881e+00,8.473095987000000662e+00,8.966300600000000343e-02
8.168168167999999341e+00,8.473095987000000662e+00,8.871522399999999531e-02
8.178178177999999576e+00,8.473095987000000662e+00,8.786716299999999813e-02
8.188188187999999812e+00,8.473095987000000662e+00,8.711610499999999924e-02
8.198198198000000048e+00,8.473095987000000662e+00,8.645806999999999798e-02
8.208208208000000283e+00,8.473095987000000662e+00,8.588810800000000467e-02
8.218218218000000519e+00,8.473095987000000662e+00,8.540057700000000529e-02
8.228228228000000755e+00,8.473095987000000662e+00,8.498935800000000096e-02
8.238238237999999214e+00,8.473095987000000662e+00,8.464806199999999614e-02
8.248248247999999450e+00,8.473095987000000662e+00,8.437019199999999663e-02
8.258258257999999685e+00,8.473095987000000662e+00,8.414927799999999403e-02
8.268268267999999921e+00,8.473095987000000662e+00,8.397899200000000230e-02
8.278278278000000157e+00,8.473095987000000662e+00,8.385323499999999819e-02
8.288288288000000392e+00,8.473095987000000662e+00,8.376620899999999426e-02
8.298298298000000628e+00,8.473095987000000662e+00,8.371246499999999979e-02
8.308308308000000864e+00,8.473095987000000662e+00,8.368693800000000238e-02
8.318318317999999323e+00,8.473095987000000662e+00,8.368497199999999636e-02
8.328328327999999559e+00,8.473095987000000662e+00,8.370232700000000692e-02
8.338338337999999794e+00,8.473095987000000662e+00,8.373518500000000364e-02
8.348348348000000030e+00,8.473095987000000662e+00,8.378013500000000557e-02
8.358358358000000266e+00,8.473095987000000662e+00,8.383416900000000005e-02
8.368368368000000501e+00,8.473095987000000662e+00,8.389465999999999590e-02
8.378378378000000737e+00,8.473095987000000662e+00,8.395933899999999395e-02
8.388388387999999196e+00,8.473095987000000662e+00,8.402627299999999855e-02
8.398398397999999432e+00,8.473095987000000662e+00,8.409384000000000303e-02
8.408408407999999667e+00,8.473095987000000662e+00,8.416070000000000495e-02
8.418418417999999903e+00,8.473095987000000662e+00,8.422576900000000588e-02
8.428428428000000139e+00,8.473095987000000662e+00,8.428819199999999789e-02
8.438438438000000374e+00,8.473095987000000662e+00,8.434731700000000498e-02
8.448448448000000610e+00,8.473095987000000662e+00,8.440266999999999908e-02
8.458458458000000846e+00,8.473095987000000662e+00,8.445393299999999492e-02
8.468468467999999305e+00,8.473095987000000662e+00,8.450091799999999431e-02
8.478478477999999541e+00,8.473095987000000662e+00,8.454354999999999509e-02
8.488488487999999776e+00,8.473095987000000662e+00,8.458184400000000325e-02
8.498498498000000012e+00,8.473095987000000662e+00,8.461589399999999705e-02
8.508508509000000331e+00,8.473095987000000662e+00,8.464585299999999313e-02
8.518518519000000566e+00,8.473095987000000662e+00,8.467191899999999827e-02
8.528528529000000802e+00,8.473095987000000662e+00,8.469432699999999981e-02
8.538538538999999261e+00,8.473095987000000662e+00,8.471333300000000177e-02
8.548548548999999497e+00,8.473095987000000662e+00,8.472921099999999872e-02
8.558558558999999732e+00,8.473095987000000662e+00,8.474223899999999698e-02
8.568568568999999968e+00,8.473095987000000662e+00,8.475269900000000078e-02
8.578578579000000204e+00,8.473095987000000662e+00,8.476086800000000310e-02
8.588588589000000439e+00,8.473095987000000662e+00,8.476701100000000322e-02
8.598598599000000675e+00,8.473095987000000662e+00,8.477138700000000360e-02
8.608608608999999134e+00,8.473095987000000662e+00,8.477423600000000281e-02
8.618618618999999370e+00,8.473095987000000662e+00,8.477578299999999345e-02
8.628628628999999606e+00,8.473095987000000662e+00,8.477623700000000428e-02
8.638638638999999841e+00,8.473095987000000662e+00,8.477578700000000522e-02
8.648648649000000077e+00,8.473095987000000662e+00,8.477460700000000182e-02
8.658658659000000313e+00,8.473095987000000662e+00,8.477284899999999734e-02
8.668668669000000548e+00,8.473095987000000662e+00,8.477065000000000294e-02
8.678678679000000784e+00,8.473095987000000662e+00,8.476813099999999657e-02
8.688688688999999243e+00,8.473095987000000662e+00,8.476539499999999339e-02
8.698698698999999479e+00,8.473095987000000662e+00,8.476253100000000207e-02
8.708708708999999715e+00,8.473095987000000662e+00,8.475961399999999701e-02
8.718718718999999950e+00,8.473095987000000662e+00,8.475670700000000057e-02
8.728728729000000186e+00,8.473095987000000662e+00,8.475386099999999978e-02
8.738738739000000422e+00,8.473095987000000662e+00,8.475111500000000186e-02
8.748748749000000657e+00,8.473095987000000662e+00,8.474850300000000280e-02
8.758758758999999117e+00,8.473095987000000662e+00,8.474604600000000543e-02
8.768768768999999352e+00,8.473095987000000662e+00,8.474376200000000026e-02
8.778778778999999588e+00,8.473095987000000662e+00,8.474165899999999696e-02
8.788788788999999824e+00,8.473095987000000662e+00,8.473974500000000520e-02
8.798798799000000059e+00,8.473095987000000662e+00,8.473801799999999829e-02
8.808808809000000295e+00,8.473095987000000662e+00,8.473647700000000449e-02
8.818818819000000531e+00,8.473095987000000662e+00,8.473511599999999921e-02
8.828828829000000766e+00,8.473095987000000662e+00,8.473392600000000108e-02
8.838838838999999226e+00,8.473095987000000662e+00,8.473289800000000094e-02
8.848848848999999461e+00,8.473095987000000662e+00,8.473202200000000406e-02
8.858858858999999697e+00,8.473095987000000662e+00,8.473128500000000340e-02
8.868868868999999933e+00,8.473095987000000662e+00,8.473067600000000477e-02
8.878878879000000168e+00,8.473095987000000662e+00,8.473018300000000058e-02
8.888888889000000404e+00,8.473095987000000662e+00,8.472979299999999769e-02
8.898898899000000640e+00,8.473095987000000662e+00,8.472949500000000189e-02
8.908908909000000875e+00,8.473095987000000662e+00,8.472927700000000562e-02
8.918918918999999335e+00,8.473095987000000662e+00,8.472912900000000025e-02
8.928928928999999570e+00,8.473095987000000662e+00,8.472904200000000441e-02
8.938938938999999806e+00,8.473095987000000662e+00,8.472900499999999613e-02
8.948948949000000042e+00,8.473095987000000662e+00,8.472900999999999350e-02
8.958958959000000277e+00,8.473095987000000662e+00,8.472905000000000020e-02
8.968968969000000513e+00,8.473095987000000662e+00,8.472911700000000657e-02
8.978978979000000749e+00,8.473095987000000662e+00,8.472920600000000135e-02
8.988988988999999208e+00,8.473095987000000662e+00,8.472931000000000212e-02
8.998998998999999444e+00,8.473095987000000662e+00,8.472942499999999710e-02
9.009009008999999679e+00,8.473095987000000662e+00,8.472954700000000228e-02
9.019019018999999915e+00,8.473095987000000662e+00,8.472967300000000535e-02
9.029029029000000151e+00,8.473095987000000662e+00,8.472979899999999454e-02
9.039039039000000386e+00,8.473095987000000662e+00,8.472992299999999866e-02
9.049049049000000622e+00,8.473095987000000662e+00,8.473004400000000436e-02
9.059059059000000858e+00,8.473095987000000662e+00,8.473015899999999934e-02
9.069069068999999317e+00,8.473095987000000662e+00,8.473026799999999747e-02
9.079079078999999552e+00,8.473095987000000662e+00,8.473036999999999930e-02
9.089089088999999788e+00,8.473095987000000662e+00,8.473046400000000533e-02
9.099099099000000024e+00,8.473095987000000662e+00,8.473055000000000170e-02
9.109109109000000259e+00,8.473095987000000662e+00,8.473062800000000228e-02
9.119119119000000495e+00,8.473095987000000662e+00,8.473069799999999319e-02
9.129129129000000731e+00,8.473095987000000662e+00,8.473075900000000271e-02
9.139139138999999190e+00,8.473095987000000662e+00,8.473081400000000152e-02
9.149149148999999426e+00,8.473095987000000662e+00,8.473086100000000453e-02
9.159159158999999661e+00,8.473095987000000662e+00,8.473090099999999736e-02
9.169169168999999897e+00,8.473095987000000662e+00,8.473093499999999334e-02
9.179179179000000133e+00,8.473095987000000662e+00,8.473096300000000636e-02
9.189189189000000368e+00,8.473095987000000662e+00,8.473098699999999373e-02
9.199199199000000604e+00,8.473095987000000662e+00,8.473100499999999813e-02
9.209209209000000840e+00,8.473095987000000662e+00,8.473102000000000411e-02
9.219219218999999299e+00,8.473095987000000662e+00,8.473103099999999832e-02
9.229229228999999535e+00,8.473095987000000662e+00,8.473103799999999464e-02
9.239239238999999770e+00,8.473095987000000662e+00,8.473104300000000588e-02
9.249249249000000006e+00,8.473095987000000662e+00,8.473104600000000430e-02
9.259259259000000242e+00,8.473095987000000662e+00,8.473104600000000430e-02
9.269269269000000477e+00,8.473095987000000662e+00,8.473104500000000483e-02
9.279279279000000713e+00,8.473095987000000662e+00,8.473104300000000588e-02
9.289289288999999172e+00,8.473095987000000662e+00,8.473103999999999358e-02
9.299299298999999408e+00,8.473095987000000662e+00,8.473103499999999622e-02
9.309309308999999644e+00,8.473095987000000662e+00,8.473102999999999885e-02
9.319319318999999879e+00,8.473095987000000662e+00,8.473102500000000148e-02
9.329329329000000115e+00,8.473095987000000662e+00,8.473102000000000411e-02
9.339339339000000351e+00,8.473095987000000662e+00,8.473101399999999339e-02
9.349349349000000586e+00,8.473095987000000662e+00,8.473100799999999655e-02
9.359359359000000822e+00,8.473095987000000662e+00,8.473100299999999918e-02
9.369369368999999281e+00,8.473095987000000662e+00,8.473099700000000234e-02
9.379379378999999517e+00,8.473095987000000662e+00,8.473099200000000497e-02
9.389389388999999753e+00,8.473095987000000662e+00,8.473098699999999373e-02
9.399399398999999988e+00,8.473095987000000662e+00,8.473098299999999583e-02
9.409409409000000224e+00,8.473095987000000662e+00,8.473097899999999794e-02
9.419419419000000460e+00,8.473095987000000662e+00,8.473097500000000004e-02
9.429429429000000695e+00,8.473095987000000662e+00,8.473097200000000162e-02
9.439439438999999155e+00,8.473095987000000662e+00,8.473096900000000320e-02
9.449449448999999390e+00,8.473095987000000662e+00,8.473096700000000425e-02
9.459459458999999626e+00,8.473095987000000662e+00,8.473096400000000583e-02
9.469469468999999862e+00,8.473095987000000662e+00,8.473096300000000636e-02
9.479479479000000097e+00,8.473095987000000662e+00,8.473096099999999353e-02
9.489489489000000333e+00,8.473095987000000662e+00,8.473095999999999406e-02
9.499499499000000569e+00,8.473095987000000662e+00,8.473095899999999459e-02
9.509509510000000887e+00,8.473095987000000662e+00,8.473095799999999511e-02
9.519519519999999346e+00,8.473095987000000662e+00,8.473095699999999564e-02
9.529529529999999582e+00,8.473095987000000662e+00,8.473095699999999564e-02
9.539539539999999818e+00,8.473095987000000662e+00,8.473095699999999564e-02
9.549549550000000053e+00,8.473095987000000662e+00,8.473095599999999616e-02
9.559559560000000289e+00,8.473095987000000662e+00,8.473095599999999616e-02
9.569569570000000525e+00,8.473095987000000662e+00,8.473095599999999616e-02
9.579579580000000760e+00,8.473095987000000662e+00,8.473095599999999616e-02
9.589589589999999220e+00,8.473095987000000662e+00,8.473095599999999616e-02
9.599599599999999455e+00,8.473095987000000662e+00,8.473095599999999616e-02
9.609609609999999691e+00,8.473095987000000662e+00,8.473095699999999564e-02
9.619619619999999927e+00,8.473095987000000662e+00,8.473095699999999564e-02
9.629629630000000162e+00,8.473095987000000662e+00,8.473095699999999564e-02
9.639639640000000398e+00,8.473095987000000662e+00,8.473095699999999564e-02
9.649649650000000634e+00,8.473095987000000662e+00,8.473095699999999564e-02
9.659659660000000869e+00,8.473095987000000662e+00,8.473095799999999511e-02
9.669669669999999329e+00,8.473095987000000662e+00,8.473095799999999511e-02
9.679679679999999564e+00,8.473095987000000662e+00,8.473095799999999511e-02
9.689689689999999800e+00,8.473095987000000662e+00,8.473095799999999511e-02
9.699699700000000036e+00,8.473095987000000662e+00,8.473095799999999511e-02
9.709709710000000271e+00,8.473095987000000662e+00,8.473095799999999511e-02
9.719719720000000507e+00,8.473095987000000662e+00,8.473095799999999511e-02
9.729729730000000743e+00,8.473095987000000662e+00,8.473095899999999459e-02
9.739739739999999202e+00,8.473095987000000662e+00,8.473095899999999459e-02
9.749749749999999437e+00,8.473095987000000662e+00,8.473095899999999459e-02
9.759759759999999673e+00,8.473095987000000662e+00,8.473095899999999459e-02
9.769769769999999909e+00,8.473095987000000662e+00,8.473095899999999459e-02
9.779779780000000144e+00,8.473095987000000662e+00,8.473095899999999459e-02
9.789789790000000380e+00,8.473095987000000662e+00,8.473095899999999459e-02
9.799799800000000616e+00,8.473095987000000662e+00,8.473095899999999459e-02
9.809809810000000851e+00,8.473095987000000662e+00,8.473095899999999459e-02
9.819819819999999311e+00,8.473095987000000662e+00,8.473095899999999459e-02
9.829829829999999546e+00,8.473095987000000662e+00,8.473095899999999459e-02
9.839839839999999782e+00,8.473095987000000662e+00,8.473095899999999459e-02
9.849849850000000018e+00,8.473095987000000662e+00,8.473095899999999459e-02
9.859859860000000253e+00,8.473095987000000662e+00,8.473095899999999459e-02
9.869869870000000489e+00,8.473095987000000662e+00,8.473095999999999406e-02
9.879879880000000725e+00,8.473095987000000662e+00,8.473095999999999406e-02
9.889889889999999184e+00,8.473095987000000662e+00,8.473095999999999406e-02
9.899899899999999420e+00,8.473095987000000662e+00,8.473095999999999406e-02
9.909909909999999655e+00,8.473095987000000662e+00,8.473095999999999406e-02
9.919919919999999891e+00,8.473095987000000662e+00,8.473095999999999406e-02
9.929929930000000127e+00,8.473095987000000662e+00,8.473095999999999406e-02
9.939939940000000362e+00,8.473095987000000662e+00,8.473095999999999406e-02
9.949949950000000598e+00,8.473095987000000662e+00,8.473095999999999406e-02
9.959959960000000834e+00,8.473095987000000662e+00,8.473095999999999406e-02
9.969969969999999293e+00,8.473095987000000662e+00,8.473095999999999406e-02
9.979979979999999529e+00,8.473095987000000662e+00,8.473095999999999406e-02
9.989989989999999764e+00,8.473095987000000662e+00,8.473095999999999406e-02
1.000000000000000000e+01,8.473095987000000662e+00,8.473095999999999406e-02
