Tiempo (s)	Voltaje de entrada (V)	Corriente de salida (A)
0	10.97627008	0
0.01001001	10.97627008	0.001028282
0.02002002	10.97627008	0.003841497
0.03003003	10.97627008	0.008064764
0.04004004	10.97627008	0.013365685
0.05005005	10.97627008	0.019452636
0.06006006	10.97627008	0.026072641
0.07007007	10.97627008	0.033008958
0.08008008	10.97627008	0.040078436
0.09009009	10.97627008	0.047128733
0.1001001	10.97627008	0.054035501
0.11011011	10.97627008	0.060699553
0.12012012	10.97627008	0.067044099
0.13013013	10.97627008	0.073012072
0.14014014	10.97627008	0.078563591
0.15015015	10.97627008	0.083673555
0.16016016	10.97627008	0.088329431
0.17017017	10.97627008	0.092529186
0.18018018	10.97627008	0.096279431
0.19019019	10.97627008	0.099593725
0.2002002	10.97627008	0.102491072
0.21021021	10.97627008	0.104994587
0.22022022	10.97627008	0.107130334
0.23023023	10.97627008	0.108926314
0.24024024	10.97627008	0.110411609
0.25025025	10.97627008	0.111615656
0.26026026	10.97627008	0.112567653
0.27027027	10.97627008	0.113296069
0.28028028	10.97627008	0.11382826
0.29029029	10.97627008	0.114190181
0.3003003	10.97627008	0.114406162
0.31031031	10.97627008	0.114498766
0.32032032	10.97627008	0.114488698
0.33033033	10.97627008	0.114394769
0.34034034	10.97627008	0.114233897
0.35035035	10.97627008	0.114021144
0.36036036	10.97627008	0.113769781
0.37037037	10.97627008	0.113491371
0.38038038	10.97627008	0.113195868
0.39039039	10.97627008	0.112891732
0.4004004	10.97627008	0.112586043
0.41041041	10.97627008	0.112284625
0.42042042	10.97627008	0.11199217
0.43043043	10.97627008	0.111712353
0.44044044	10.97627008	0.111447954
0.45045045	10.97627008	0.11120097
0.46046046	10.97627008	0.11097272
0.47047047	10.97627008	0.110763943
0.48048048	10.97627008	0.110574891
0.49049049	10.97627008	0.110405414
0.500500501	10.97627008	0.110255032
0.510510511	10.97627008	0.110123008
0.520520521	10.97627008	0.110008404
0.530530531	10.97627008	0.109910139
0.540540541	10.97627008	0.109827029
0.550550551	10.97627008	0.109757831
0.560560561	10.97627008	0.109701277
0.570570571	10.97627008	0.109656097
0.580580581	10.97627008	0.109621047
0.590590591	10.97627008	0.109594924
0.600600601	10.97627008	0.109576583
0.610610611	10.97627008	0.109564945
0.620620621	10.97627008	0.109559003
0.630630631	10.97627008	0.109557833
0.640640641	10.97627008	0.109560589
0.650650651	10.97627008	0.10956651
0.660660661	10.97627008	0.109574914
0.670670671	10.97627008	0.109585198
0.680680681	10.97627008	0.109596834
0.690690691	10.97627008	0.109609367
0.700700701	10.97627008	0.109622406
0.710710711	10.97627008	0.109635623
0.720720721	10.97627008	0.109648746
0.730730731	10.97627008	0.109661554
0.740740741	10.97627008	0.109673872
0.750750751	10.97627008	0.109685566
0.760760761	10.97627008	0.109696537
0.770770771	10.97627008	0.109706717
0.780780781	10.97627008	0.109716065
0.790790791	10.97627008	0.109724563
0.800800801	10.97627008	0.10973221
0.810810811	10.97627008	0.109739022
0.820820821	10.97627008	0.109745028
0.830830831	10.97627008	0.109750265
0.840840841	10.97627008	0.109754777
0.850850851	10.97627008	0.109758614
0.860860861	10.97627008	0.109761829
0.870870871	10.97627008	0.109764477
0.880880881	10.97627008	0.109766612
0.890890891	10.97627008	0.109768288
0.900900901	10.97627008	0.109769559
0.910910911	10.97627008	0.109770476
0.920920921	10.97627008	0.109771085
0.930930931	10.97627008	0.109771432
0.940940941	10.97627008	0.109771557
0.950950951	10.97627008	0.109771499
0.960960961	10.97627008	0.109771292
0.970970971	10.97627008	0.109770967
0.980980981	10.97627008	0.109770551
0.990990991	10.97627008	0.109770068
1.001001001	10.97627008	0.109769539
1.011011011	10.97627008	0.109768982
1.021021021	10.97627008	0.109768412
1.031031031	10.97627008	0.109767842
1.041041041	10.97627008	0.109767282
1.051051051	10.97627008	0.109766741
1.061061061	10.97627008	0.109766226
1.071071071	10.97627008	0.10976574
1.081081081	10.97627008	0.109765288
1.091091091	10.97627008	0.109764872
1.101101101	10.97627008	0.109764492
1.111111111	10.97627008	0.109764148
1.121121121	10.97627008	0.10976384
1.131131131	10.97627008	0.109763567
1.141141141	10.97627008	0.109763327
1.151151151	10.97627008	0.10976312
1.161161161	10.97627008	0.109762942
1.171171171	10.97627008	0.109762793
1.181181181	10.97627008	0.109762668
1.191191191	10.97627008	0.109762567
1.201201201	10.97627008	0.109762487
1.211211211	10.97627008	0.109762425
1.221221221	10.97627008	0.10976238
1.231231231	10.97627008	0.109762348
1.241241241	10.97627008	0.109762329
1.251251251	10.97627008	0.109762319
1.261261261	10.97627008	0.109762319
1.271271271	10.97627008	0.109762325
1.281281281	10.97627008	0.109762337
1.291291291	10.97627008	0.109762353
1.301301301	10.97627008	0.109762373
1.311311311	10.97627008	0.109762395
1.321321321	10.97627008	0.109762418
1.331331331	10.97627008	0.109762443
1.341341341	10.97627008	0.109762468
1.351351351	10.97627008	0.109762492
1.361361361	10.97627008	0.109762516
1.371371371	10.97627008	0.109762539
1.381381381	10.97627008	0.109762561
1.391391391	10.97627008	0.109762581
1.401401401	10.97627008	0.1097626
1.411411411	10.97627008	0.109762617
1.421421421	10.97627008	0.109762633
1.431431431	10.97627008	0.109762647
1.441441441	10.97627008	0.109762659
1.451451451	10.97627008	0.10976267
1.461461461	10.97627008	0.109762679
1.471471471	10.97627008	0.109762688
1.481481481	10.97627008	0.109762695
1.491491491	10.97627008	0.109762701
1.501501502	10.97627008	0.109762705
1.511511512	10.97627008	0.109762709
1.521521522	10.97627008	0.109762712
1.531531532	10.97627008	0.109762714
1.541541542	10.97627008	0.109762716
1.551551552	10.97627008	0.109762717
1.561561562	10.97627008	0.109762718
1.571571572	10.97627008	0.109762718
1.581581582	10.97627008	0.109762717
1.591591592	10.97627008	0.109762717
1.601601602	10.97627008	0.109762716
1.611611612	10.97627008	0.109762715
1.621621622	10.97627008	0.109762715
1.631631632	10.97627008	0.109762714
1.641641642	10.97627008	0.109762712
1.651651652	10.97627008	0.109762711
1.661661662	10.97627008	0.10976271
1.671671672	10.97627008	0.109762709
1.681681682	10.97627008	0.109762708
1.691691692	10.97627008	0.109762708
1.701701702	10.97627008	0.109762707
1.711711712	10.97627008	0.109762706
1.721721722	10.97627008	0.109762705
1.731731732	10.97627008	0.109762705
1.741741742	10.97627008	0.109762704
1.751751752	10.97627008	0.109762703
1.761761762	10.97627008	0.109762703
1.771771772	10.97627008	0.109762702
1.781781782	10.97627008	0.109762702
1.791791792	10.97627008	0.109762701
1.801801802	10.97627008	0.109762701
1.811811812	10.97627008	0.109762701
1.821821822	10.97627008	0.1097627
1.831831832	10.97627008	0.1097627
1.841841842	10.97627008	0.1097627
1.851851852	10.97627008	0.1097627
1.861861862	10.97627008	0.1097627
1.871871872	10.97627008	0.1097627
1.881881882	10.97627008	0.1097627
1.891891892	10.97627008	0.1097627
1.901901902	10.97627008	0.1097627
1.911911912	10.97627008	0.1097627
1.921921922	10.97627008	0.1097627
1.931931932	10.97627008	0.1097627
1.941941942	10.97627008	0.1097627
1.951951952	10.97627008	0.1097627
1.961961962	10.97627008	0.1097627
1.971971972	10.97627008	0.1097627
1.981981982	10.97627008	0.1097627
1.991991992	10.97627008	0.1097627
2.002002002	14.30378733	0.10977586
2.012012012	14.30378733	0.110205536
2.022022022	14.30378733	0.111152547
2.032032032	14.30378733	0.112505846
2.042042042	14.30378733	0.114167196
2.052052052	14.30378733	0.116050582
2.062062062	14.30378733	0.11808157
2.072072072	14.30378733	0.120196558
2.082082082	14.30378733	0.122341957
2.092092092	14.30378733	0.124473351
2.102102102	14.30378733	0.126554636
2.112112112	14.30378733	0.128557167
2.122122122	14.30378733	0.130458925
2.132132132	14.30378733	0.132243711
2.142142142	14.30378733	0.133900391
2.152152152	14.30378733	0.135422169
2.162162162	14.30378733	0.136805926
2.172172172	14.30378733	0.138051617
2.182182182	14.30378733	0.139161705
2.192192192	14.30378733	0.140140665
2.202202202	14.30378733	0.140994539
2.212212212	14.30378733	0.14173054
2.222222222	14.30378733	0.142356711
2.232232232	14.30378733	0.142881624
2.242242242	14.30378733	0.143314133
2.252252252	14.30378733	0.143663161
2.262262262	14.30378733	0.143937527
2.272272272	14.30378733	0.144145802
2.282282282	14.30378733	0.1442962
2.292292292	14.30378733	0.144396497
2.302302302	14.30378733	0.144453963
2.312312312	14.30378733	0.144475327
2.322322322	14.30378733	0.144466752
2.332332332	14.30378733	0.144433826
2.342342342	14.30378733	0.144381564
2.352352352	14.30378733	0.144314421
2.362362362	14.30378733	0.144236314
2.372372372	14.30378733	0.14415065
2.382382382	14.30378733	0.144060352
2.392392392	14.30378733	0.143967898
2.402402402	14.30378733	0.143875356
2.412412412	14.30378733	0.143784419
2.422422422	14.30378733	0.143696446
2.432432432	14.30378733	0.143612494
2.442442442	14.30378733	0.143533354
2.452452452	14.30378733	0.14345959
2.462462462	14.30378733	0.143391562
2.472472472	14.30378733	0.143329464
2.482482482	14.30378733	0.143273346
2.492492492	14.30378733	0.14322314
2.502502503	14.30378733	0.143178685
2.512512513	14.30378733	0.143139741
2.522522523	14.30378733	0.143106017
2.532532533	14.30378733	0.143077176
2.542542543	14.30378733	0.143052854
2.552552553	14.30378733	0.143032674
2.562562563	14.30378733	0.14301625
2.572572573	14.30378733	0.143003197
2.582582583	14.30378733	0.142993142
2.592592593	14.30378733	0.142985722
2.602602603	14.30378733	0.142980593
2.612612613	14.30378733	0.142977434
2.622622623	14.30378733	0.142975944
2.632632633	14.30378733	0.142975846
2.642642643	14.30378733	0.142976892
2.652652653	14.30378733	0.142978853
2.662662663	14.30378733	0.142981528
2.672672673	14.30378733	0.14298474
2.682682683	14.30378733	0.142988332
2.692692693	14.30378733	0.142992171
2.702702703	14.30378733	0.142996141
2.712712713	14.30378733	0.143000148
2.722722723	14.30378733	0.143004112
2.732732733	14.30378733	0.143007969
2.742742743	14.30378733	0.143011668
2.752752753	14.30378733	0.14301517
2.762762763	14.30378733	0.143018448
2.772772773	14.30378733	0.143021483
2.782782783	14.30378733	0.143024265
2.792792793	14.30378733	0.143026789
2.802802803	14.30378733	0.143029056
2.812812813	14.30378733	0.143031072
2.822822823	14.30378733	0.143032846
2.832832833	14.30378733	0.143034388
2.842842843	14.30378733	0.143035714
2.852852853	14.30378733	0.143036839
2.862862863	14.30378733	0.14303778
2.872872873	14.30378733	0.143038551
2.882882883	14.30378733	0.14303917
2.892892893	14.30378733	0.143039654
2.902902903	14.30378733	0.143040017
2.912912913	14.30378733	0.143040275
2.922922923	14.30378733	0.143040443
2.932932933	14.30378733	0.143040533
2.942942943	14.30378733	0.14304056
2.952952953	14.30378733	0.143040533
2.962962963	14.30378733	0.143040462
2.972972973	14.30378733	0.143040358
2.982982983	14.30378733	0.143040227
2.992992993	14.30378733	0.143040077
3.003003003	14.30378733	0.143039914
3.013013013	14.30378733	0.143039744
3.023023023	14.30378733	0.143039571
3.033033033	14.30378733	0.143039398
3.043043043	14.30378733	0.143039229
3.053053053	14.30378733	0.143039066
3.063063063	14.30378733	0.143038911
3.073073073	14.30378733	0.143038766
3.083083083	14.30378733	0.14303863
3.093093093	14.30378733	0.143038506
3.103103103	14.30378733	0.143038393
3.113113113	14.30378733	0.14303829
3.123123123	14.30378733	0.143038199
3.133133133	14.30378733	0.143038118
3.143143143	14.30378733	0.143038048
3.153153153	14.30378733	0.143037987
3.163163163	14.30378733	0.143037935
3.173173173	14.30378733	0.143037891
3.183183183	14.30378733	0.143037855
3.193193193	14.30378733	0.143037826
3.203203203	14.30378733	0.143037803
3.213213213	14.30378733	0.143037786
3.223223223	14.30378733	0.143037773
3.233233233	14.30378733	0.143037764
3.243243243	14.30378733	0.143037759
3.253253253	14.30378733	0.143037757
3.263263263	14.30378733	0.143037757
3.273273273	14.30378733	0.143037759
3.283283283	14.30378733	0.143037763
3.293293293	14.30378733	0.143037768
3.303303303	14.30378733	0.143037774
3.313313313	14.30378733	0.143037781
3.323323323	14.30378733	0.143037789
3.333333333	14.30378733	0.143037796
3.343343343	14.30378733	0.143037804
3.353353353	14.30378733	0.143037812
3.363363363	14.30378733	0.143037819
3.373373373	14.30378733	0.143037826
3.383383383	14.30378733	0.143037832
3.393393393	14.30378733	0.143037839
3.403403403	14.30378733	0.143037844
3.413413413	14.30378733	0.143037849
3.423423423	14.30378733	0.143037854
3.433433433	14.30378733	0.143037858
3.443443443	14.30378733	0.143037861
3.453453453	14.30378733	0.143037864
3.463463463	14.30378733	0.143037867
3.473473473	14.30378733	0.143037869
3.483483483	14.30378733	0.143037871
3.493493493	14.30378733	0.143037873
3.503503504	14.30378733	0.143037874
3.513513514	14.30378733	0.143037876
3.523523524	14.30378733	0.143037876
3.533533534	14.30378733	0.143037877
3.543543544	14.30378733	0.143037878
3.553553554	14.30378733	0.143037878
3.563563564	14.30378733	0.143037878
3.573573574	14.30378733	0.143037878
3.583583584	14.30378733	0.143037878
3.593593594	14.30378733	0.143037878
3.603603604	14.30378733	0.143037878
3.613613614	14.30378733	0.143037878
3.623623624	14.30378733	0.143037877
3.633633634	14.30378733	0.143037877
3.643643644	14.30378733	0.143037877
3.653653654	14.30378733	0.143037876
3.663663664	14.30378733	0.143037876
3.673673674	14.30378733	0.143037876
3.683683684	14.30378733	0.143037876
3.693693694	14.30378733	0.143037875
3.703703704	14.30378733	0.143037875
3.713713714	14.30378733	0.143037875
3.723723724	14.30378733	0.143037875
3.733733734	14.30378733	0.143037874
3.743743744	14.30378733	0.143037874
3.753753754	14.30378733	0.143037874
3.763763764	14.30378733	0.143037874
3.773773774	14.30378733	0.143037874
3.783783784	14.30378733	0.143037874
3.793793794	14.30378733	0.143037874
3.803803804	14.30378733	0.143037874
3.813813814	14.30378733	0.143037873
3.823823824	14.30378733	0.143037873
3.833833834	14.30378733	0.143037873
3.843843844	14.30378733	0.143037873
3.853853854	14.30378733	0.143037873
3.863863864	14.30378733	0.143037873
3.873873874	14.30378733	0.143037873
3.883883884	14.30378733	0.143037873
3.893893894	14.30378733	0.143037873
3.903903904	14.30378733	0.143037873
3.913913914	14.30378733	0.143037873
3.923923924	14.30378733	0.143037873
3.933933934	14.30378733	0.143037873
3.943943944	14.30378733	0.143037873
3.953953954	14.30378733	0.143037873
3.963963964	14.30378733	0.143037873
3.973973974	14.30378733	0.143037873
3.983983984	14.30378733	0.143037873
3.993993994	14.30378733	0.143037873
4.004004004	12.05526752	0.143002777
4.014014014	12.05526752	0.142636087
4.024024024	12.05526752	0.141935529
4.034034034	12.05526752	0.140974385
4.044044044	12.05526752	0.139817353
4.054054054	12.05526752	0.138520954
4.064064064	12.05526752	0.137133978
4.074074074	12.05526752	0.135698006
4.084084084	12.05526752	0.134247964
4.094094094	12.05526752	0.132812697
4.104104104	12.05526752	0.13141555
4.114114114	12.05526752	0.130074936
4.124124124	12.05526752	0.128804902
4.134134134	12.05526752	0.127615672
4.144144144	12.05526752	0.126514147
4.154154154	12.05526752	0.125504385
4.164164164	12.05526752	0.124588046
4.174174174	12.05526752	0.123764796
4.184184184	12.05526752	0.12303267
4.194194194	12.05526752	0.122388409
4.204204204	12.05526752	0.121827753
4.214214214	12.05526752	0.121345701
4.224224224	12.05526752	0.120936732
4.234234234	12.05526752	0.120594999
4.244244244	12.05526752	0.1203145
4.254254254	12.05526752	0.120089212
4.264264264	12.05526752	0.119913201
4.274274274	12.05526752	0.119780719
4.284284284	12.05526752	0.119686271
4.294294294	12.05526752	0.119624667
4.304304304	12.05526752	0.119591067
4.314314314	12.05526752	0.119580997
4.324324324	12.05526752	0.119590373
4.334334334	12.05526752	0.119615495
4.344344344	12.05526752	0.119653051
4.354354354	12.05526752	0.119700105
4.364364364	12.05526752	0.11975408
4.374374374	12.05526752	0.119812741
4.384384384	12.05526752	0.119874176
4.394394394	12.05526752	0.119936766
4.404404404	12.05526752	0.119999167
4.414414414	12.05526752	0.120060283
4.424424424	12.05526752	0.120119237
4.434434434	12.05526752	0.120175352
4.444444444	12.05526752	0.120228128
4.454454454	12.05526752	0.120277212
4.464464464	12.05526752	0.120322386
4.474474474	12.05526752	0.120363539
4.484484484	12.05526752	0.120400655
4.494494494	12.05526752	0.120433795
4.504504505	12.05526752	0.120463078
4.514514515	12.05526752	0.120488672
4.524524525	12.05526752	0.120510783
4.534534535	12.05526752	0.120529641
4.544544545	12.05526752	0.120545496
4.554554555	12.05526752	0.120558605
4.564564565	12.05526752	0.120569228
4.574574575	12.05526752	0.120577623
4.584584585	12.05526752	0.120584043
4.594594595	12.05526752	0.120588729
4.604604605	12.05526752	0.120591912
4.614614615	12.05526752	0.120593805
4.624624625	12.05526752	0.12059461
4.634634635	12.05526752	0.120594508
4.644644645	12.05526752	0.120593666
4.654654655	12.05526752	0.120592233
4.664664665	12.05526752	0.120590343
4.674674675	12.05526752	0.120588113
4.684684685	12.05526752	0.120585645
4.694694695	12.05526752	0.120583028
4.704704705	12.05526752	0.120580334
4.714714715	12.05526752	0.120577628
4.724724725	12.05526752	0.12057496
4.734734735	12.05526752	0.120572373
4.744744745	12.05526752	0.120569897
4.754754755	12.05526752	0.120567559
4.764764765	12.05526752	0.120565375
4.774774775	12.05526752	0.120563357
4.784784785	12.05526752	0.120561512
4.794794795	12.05526752	0.120559842
4.804804805	12.05526752	0.120558344
4.814814815	12.05526752	0.120557016
4.824824825	12.05526752	0.12055585
4.834834835	12.05526752	0.120554837
4.844844845	12.05526752	0.120553969
4.854854855	12.05526752	0.120553235
4.864864865	12.05526752	0.120552625
4.874874875	12.05526752	0.120552126
4.884884885	12.05526752	0.120551727
4.894894895	12.05526752	0.120551418
4.904904905	12.05526752	0.120551187
4.914914915	12.05526752	0.120551025
4.924924925	12.05526752	0.120550922
4.934934935	12.05526752	0.12055087
4.944944945	12.05526752	0.12055086
4.954954955	12.05526752	0.120550885
4.964964965	12.05526752	0.120550938
4.974974975	12.05526752	0.120551013
4.984984985	12.05526752	0.120551104
4.994994995	12.05526752	0.120551207
5.005005005	12.05526752	0.120551318
5.015015015	12.05526752	0.120551434
5.025025025	12.05526752	0.120551551
5.035035035	12.05526752	0.120551668
5.045045045	12.05526752	0.120551781
5.055055055	12.05526752	0.12055189
5.065065065	12.05526752	0.120551994
5.075075075	12.05526752	0.120552091
5.085085085	12.05526752	0.120552181
5.095095095	12.05526752	0.120552264
5.105105105	12.05526752	0.120552338
5.115115115	12.05526752	0.120552406
5.125125125	12.05526752	0.120552465
5.135135135	12.05526752	0.120552518
5.145145145	12.05526752	0.120552564
5.155155155	12.05526752	0.120552603
5.165165165	12.05526752	0.120552637
5.175175175	12.05526752	0.120552666
5.185185185	12.05526752	0.120552689
5.195195195	12.05526752	0.120552708
5.205205205	12.05526752	0.120552723
5.215215215	12.05526752	0.120552735
5.225225225	12.05526752	0.120552743
5.235235235	12.05526752	0.120552749
5.245245245	12.05526752	0.120552752
5.255255255	12.05526752	0.120552753
5.265265265	12.05526752	0.120552753
5.275275275	12.05526752	0.120552751
5.285285285	12.05526752	0.120552749
5.295295295	12.05526752	0.120552745
5.305305305	12.05526752	0.120552741
5.315315315	12.05526752	0.120552736
5.325325325	12.05526752	0.120552731
5.335335335	12.05526752	0.120552726
5.345345345	12.05526752	0.120552721
5.355355355	12.05526752	0.120552716
5.365365365	12.05526752	0.120552711
5.375375375	12.05526752	0.120552707
5.385385385	12.05526752	0.120552703
5.395395395	12.05526752	0.120552699
5.405405405	12.05526752	0.120552695
5.415415415	12.05526752	0.120552692
5.425425425	12.05526752	0.120552689
5.435435435	12.05526752	0.120552686
5.445445445	12.05526752	0.120552684
5.455455455	12.05526752	0.120552682
5.465465465	12.05526752	0.12055268
5.475475475	12.05526752	0.120552678
5.485485485	12.05526752	0.120552677
5.495495495	12.05526752	0.120552676
5.505505506	12.05526752	0.120552675
5.515515516	12.05526752	0.120552674
5.525525526	12.05526752	0.120552674
5.535535536	12.05526752	0.120552673
5.545545546	12.05526752	0.120552673
5.555555556	12.05526752	0.120552673
5.565565566	12.05526752	0.120552673
5.575575576	12.05526752	0.120552673
5.585585586	12.05526752	0.120552673
5.595595596	12.05526752	0.120552673
5.605605606	12.05526752	0.120552673
5.615615616	12.05526752	0.120552673
5.625625626	12.05526752	0.120552673
5.635635636	12.05526752	0.120552673
5.645645646	12.05526752	0.120552673
5.655655656	12.05526752	0.120552673
5.665665666	12.05526752	0.120552673
5.675675676	12.05526752	0.120552674
5.685685686	12.05526752	0.120552674
5.695695696	12.05526752	0.120552674
5.705705706	12.05526752	0.120552674
5.715715716	12.05526752	0.120552674
5.725725726	12.05526752	0.120552674
5.735735736	12.05526752	0.120552674
5.745745746	12.05526752	0.120552674
5.755755756	12.05526752	0.120552674
5.765765766	12.05526752	0.120552674
5.775775776	12.05526752	0.120552675
5.785785786	12.05526752	0.120552675
5.795795796	12.05526752	0.120552675
5.805805806	12.05526752	0.120552675
5.815815816	12.05526752	0.120552675
5.825825826	12.05526752	0.120552675
5.835835836	12.05526752	0.120552675
5.845845846	12.05526752	0.120552675
5.855855856	12.05526752	0.120552675
5.865865866	12.05526752	0.120552675
5.875875876	12.05526752	0.120552675
5.885885886	12.05526752	0.120552675
5.895895896	12.05526752	0.120552675
5.905905906	12.05526752	0.120552675
5.915915916	12.05526752	0.120552675
5.925925926	12.05526752	0.120552675
5.935935936	12.05526752	0.120552675
5.945945946	12.05526752	0.120552675
5.955955956	12.05526752	0.120552675
5.965965966	12.05526752	0.120552675
5.975975976	12.05526752	0.120552675
5.985985986	12.05526752	0.120552675
5.995995996	12.05526752	0.120552675
6.006006006	10.89766366	0.120512564
6.016016016	10.89766366	0.120286169
6.026026026	10.89766366	0.119895795
6.036036036	10.89766366	0.119378274
6.046046046	10.89766366	0.118766053
6.056056056	10.89766366	0.118087413
6.066066066	10.89766366	0.117366715
6.076076076	10.89766366	0.116624653
6.086086086	10.89766366	0.115878558
6.096096096	10.89766366	0.115142689
6.106106106	10.89766366	0.114428533
6.116116116	10.89766366	0.113745099
6.126126126	10.89766366	0.113099206
6.136136136	10.89766366	0.112495752
6.146146146	10.89766366	0.111937979
6.156156156	10.89766366	0.11142771
6.166166166	10.89766366	0.11096558
6.176176176	10.89766366	0.110551234
6.186186186	10.89766366	0.110183515
6.196196196	10.89766366	0.109860627
6.206206206	10.89766366	0.109580293
6.216216216	10.89766366	0.109339876
6.226226226	10.89766366	0.109136495
6.236236236	10.89766366	0.108967115
6.246246246	10.89766366	0.108828639
6.256256256	10.89766366	0.10871797
6.266266266	10.89766366	0.10863207
6.276276276	10.89766366	0.108568003
6.286286286	10.89766366	0.108522969
6.296296296	10.89766366	0.108494331
6.306306306	10.89766366	0.108479633
6.316316316	10.89766366	0.108476614
6.326326326	10.89766366	0.108483209
6.336336336	10.89766366	0.108497553
6.346346346	10.89766366	0.108517981
6.356356356	10.89766366	0.108543019
6.366366366	10.89766366	0.108571377
6.376376376	10.89766366	0.108601937
6.386386386	10.89766366	0.108633746
6.396396396	10.89766366	0.108666001
6.406406406	10.89766366	0.108698036
6.416416416	10.89766366	0.108729311
6.426426426	10.89766366	0.108759395
6.436436436	10.89766366	0.10878796
6.446446446	10.89766366	0.108814764
6.456456456	10.89766366	0.108839639
6.466466466	10.89766366	0.108862485
6.476476476	10.89766366	0.108883256
6.486486486	10.89766366	0.108901952
6.496496496	10.89766366	0.10891861
6.506506507	10.89766366	0.108933297
6.516516517	10.89766366	0.108946107
6.526526527	10.89766366	0.108957146
6.536536537	10.89766366	0.108966537
6.546546547	10.89766366	0.108974407
6.556556557	10.89766366	0.108980889
6.566566567	10.89766366	0.108986117
6.576576577	10.89766366	0.108990225
6.586586587	10.89766366	0.108993341
6.596596597	10.89766366	0.108995589
6.606606607	10.89766366	0.108997086
6.616616617	10.89766366	0.10899794
6.626626627	10.89766366	0.108998253
6.636636637	10.89766366	0.108998117
6.646646647	10.89766366	0.108997616
6.656656657	10.89766366	0.108996826
6.666666667	10.89766366	0.108995813
6.676676677	10.89766366	0.108994636
6.686686687	10.89766366	0.108993346
6.696696697	10.89766366	0.108991988
6.706706707	10.89766366	0.108990597
6.716716717	10.89766366	0.108989206
6.726726727	10.89766366	0.108987839
6.736736737	10.89766366	0.108986517
6.746746747	10.89766366	0.108985255
6.756756757	10.89766366	0.108984067
6.766766767	10.89766366	0.108982959
6.776776777	10.89766366	0.108981938
6.786786787	10.89766366	0.108981006
6.796796797	10.89766366	0.108980164
6.806806807	10.89766366	0.108979411
6.816816817	10.89766366	0.108978745
6.826826827	10.89766366	0.108978161
6.836836837	10.89766366	0.108977656
6.846846847	10.89766366	0.108977223
6.856856857	10.89766366	0.108976859
6.866866867	10.89766366	0.108976556
6.876876877	10.89766366	0.108976309
6.886886887	10.89766366	0.108976113
6.896896897	10.89766366	0.108975962
6.906906907	10.89766366	0.10897585
6.916916917	10.89766366	0.108975773
6.926926927	10.89766366	0.108975726
6.936936937	10.89766366	0.108975704
6.946946947	10.89766366	0.108975704
6.956956957	10.89766366	0.10897572
6.966966967	10.89766366	0.10897575
6.976976977	10.89766366	0.10897579
6.986986987	10.89766366	0.108975838
6.996996997	10.89766366	0.108975892
7.007007007	10.89766366	0.10897595
7.017017017	10.89766366	0.108976009
7.027027027	10.89766366	0.108976069
7.037037037	10.89766366	0.108976129
7.047047047	10.89766366	0.108976187
7.057057057	10.89766366	0.108976243
7.067067067	10.89766366	0.108976296
7.077077077	10.89766366	0.108976345
7.087087087	10.89766366	0.108976391
7.097097097	10.89766366	0.108976433
7.107107107	10.89766366	0.108976471
7.117117117	10.89766366	0.108976505
7.127127127	10.89766366	0.108976535
7.137137137	10.89766366	0.108976562
7.147147147	10.89766366	0.108976585
7.157157157	10.89766366	0.108976605
7.167167167	10.89766366	0.108976621
7.177177177	10.89766366	0.108976635
7.187187187	10.89766366	0.108976647
7.197197197	10.89766366	0.108976656
7.207207207	10.89766366	0.108976663
7.217217217	10.89766366	0.108976668
7.227227227	10.89766366	0.108976672
7.237237237	10.89766366	0.108976675
7.247247247	10.89766366	0.108976676
7.257257257	10.89766366	0.108976677
7.267267267	10.89766366	0.108976676
7.277277277	10.89766366	0.108976675
7.287287287	10.89766366	0.108976674
7.297297297	10.89766366	0.108976672
7.307307307	10.89766366	0.10897667
7.317317317	10.89766366	0.108976667
7.327327327	10.89766366	0.108976665
7.337337337	10.89766366	0.108976662
7.347347347	10.89766366	0.10897666
7.357357357	10.89766366	0.108976657
7.367367367	10.89766366	0.108976655
7.377377377	10.89766366	0.108976652
7.387387387	10.89766366	0.10897665
7.397397397	10.89766366	0.108976648
7.407407407	10.89766366	0.108976646
7.417417417	10.89766366	0.108976644
7.427427427	10.89766366	0.108976643
7.437437437	10.89766366	0.108976641
7.447447447	10.89766366	0.10897664
7.457457457	10.89766366	0.108976639
7.467467467	10.89766366	0.108976638
7.477477477	10.89766366	0.108976638
7.487487487	10.89766366	0.108976637
7.497497497	10.89766366	0.108976636
7.507507508	10.89766366	0.108976636
7.517517518	10.89766366	0.108976636
7.527527528	10.89766366	0.108976636
7.537537538	10.89766366	0.108976636
7.547547548	10.89766366	0.108976636
7.557557558	10.89766366	0.108976636
7.567567568	10.89766366	0.108976636
7.577577578	10.89766366	0.108976636
7.587587588	10.89766366	0.108976636
7.597597598	10.89766366	0.108976636
7.607607608	10.89766366	0.108976636
7.617617618	10.89766366	0.108976636
7.627627628	10.89766366	0.108976636
7.637637638	10.89766366	0.108976636
7.647647648	10.89766366	0.108976636
7.657657658	10.89766366	0.108976636
7.667667668	10.89766366	0.108976636
7.677677678	10.89766366	0.108976636
7.687687688	10.89766366	0.108976636
7.697697698	10.89766366	0.108976636
7.707707708	10.89766366	0.108976636
7.717717718	10.89766366	0.108976636
7.727727728	10.89766366	0.108976636
7.737737738	10.89766366	0.108976636
7.747747748	10.89766366	0.108976636
7.757757758	10.89766366	0.108976636
7.767767768	10.89766366	0.108976636
7.777777778	10.89766366	0.108976636
7.787787788	10.89766366	0.108976636
7.797797798	10.89766366	0.108976636
7.807807808	10.89766366	0.108976636
7.817817818	10.89766366	0.108976636
7.827827828	10.89766366	0.108976636
7.837837838	10.89766366	0.108976636
7.847847848	10.89766366	0.108976636
7.857857858	10.89766366	0.108976636
7.867867868	10.89766366	0.108976636
7.877877878	10.89766366	0.108976636
7.887887888	10.89766366	0.108976636
7.897897898	10.89766366	0.108976636
7.907907908	10.89766366	0.108976636
7.917917918	10.89766366	0.108976636
7.927927928	10.89766366	0.108976636
7.937937938	10.89766366	0.108976636
7.947947948	10.89766366	0.108976636
7.957957958	10.89766366	0.108976636
7.967967968	10.89766366	0.108976636
7.977977978	10.89766366	0.108976636
7.987987988	10.89766366	0.108976636
7.997997998	10.89766366	0.108976636
8.008008008	8.473095987	0.108829284
8.018018018	8.473095987	0.108279793
8.028028028	8.473095987	0.107403034
8.038038038	8.473095987	0.106274279
8.048048048	8.473095987	0.10495971
8.058058058	8.473095987	0.103516877
8.068068068	8.473095987	0.10199521
8.078078078	8.473095987	0.100436603
8.088088088	8.473095987	0.098876016
8.098098098	8.473095987	0.097342106
8.108108108	8.473095987	0.095857842
8.118118118	8.473095987	0.09444113
8.128128128	8.473095987	0.0931054
8.138138138	8.473095987	0.091860175
8.148148148	8.473095987	0.090711615
8.158158158	8.473095987	0.089663006
8.168168168	8.473095987	0.088715224
8.178178178	8.473095987	0.087867163
8.188188188	8.473095987	0.087116105
8.198198198	8.473095987	0.08645807
8.208208208	8.473095987	0.085888108
8.218218218	8.473095987	0.085400577
8.228228228	8.473095987	0.084989358
8.238238238	8.473095987	0.084648062
8.248248248	8.473095987	0.084370192
8.258258258	8.473095987	0.084149278
8.268268268	8.473095987	0.083978992
8.278278278	8.473095987	0.083853235
8.288288288	8.473095987	0.083766209
8.298298298	8.473095987	0.083712465
8.308308308	8.473095987	0.083686938
8.318318318	8.473095987	0.083684972
8.328328328	8.473095987	0.083702327
8.338338338	8.473095987	0.083735185
8.348348348	8.473095987	0.083780135
8.358358358	8.473095987	0.083834169
8.368368368	8.473095987	0.08389466
8.378378378	8.473095987	0.083959339
8.388388388	8.473095987	0.084026273
8.398398398	8.473095987	0.08409384
8.408408408	8.473095987	0.0841607
8.418418418	8.473095987	0.084225769
8.428428428	8.473095987	0.084288192
8.438438438	8.473095987	0.084347317
8.448448448	8.473095987	0.08440267
8.458458458	8.473095987	0.084453933
8.468468468	8.473095987	0.084500918
8.478478478	8.473095987	0.08454355
8.488488488	8.473095987	0.084581844
8.498498498	8.473095987	0.084615894
8.508508509	8.473095987	0.084645853
8.518518519	8.473095987	0.084671919
8.528528529	8.473095987	0.084694327
8.538538539	8.473095987	0.084713333
8.548548549	8.473095987	0.084729211
8.558558559	8.473095987	0.084742239
8.568568569	8.473095987	0.084752699
8.578578579	8.473095987	0.084760868
8.588588589	8.473095987	0.084767011
8.598598599	8.473095987	0.084771387
8.608608609	8.473095987	0.084774236
8.618618619	8.473095987	0.084775783
8.628628629	8.473095987	0.084776237
8.638638639	8.473095987	0.084775787
8.648648649	8.473095987	0.084774607
8.658658659	8.473095987	0.084772849
8.668668669	8.473095987	0.08477065
8.678678679	8.473095987	0.084768131
8.688688689	8.473095987	0.084765395
8.698698699	8.473095987	0.084762531
8.708708709	8.473095987	0.084759614
8.718718719	8.473095987	0.084756707
8.728728729	8.473095987	0.084753861
8.738738739	8.473095987	0.084751115
8.748748749	8.473095987	0.084748503
8.758758759	8.473095987	0.084746046
8.768768769	8.473095987	0.084743762
8.778778779	8.473095987	0.084741659
8.788788789	8.473095987	0.084739745
8.798798799	8.473095987	0.084738018
8.808808809	8.473095987	0.084736477
8.818818819	8.473095987	0.084735116
8.828828829	8.473095987	0.084733926
8.838838839	8.473095987	0.084732898
8.848848849	8.473095987	0.084732022
8.858858859	8.473095987	0.084731285
8.868868869	8.473095987	0.084730676
8.878878879	8.473095987	0.084730183
8.888888889	8.473095987	0.084729793
8.898898899	8.473095987	0.084729495
8.908908909	8.473095987	0.084729277
8.918918919	8.473095987	0.084729129
8.928928929	8.473095987	0.084729042
8.938938939	8.473095987	0.084729005
8.948948949	8.473095987	0.08472901
8.958958959	8.473095987	0.08472905
8.968968969	8.473095987	0.084729117
8.978978979	8.473095987	0.084729206
8.988988989	8.473095987	0.08472931
8.998998999	8.473095987	0.084729425
9.009009009	8.473095987	0.084729547
9.019019019	8.473095987	0.084729673
9.029029029	8.473095987	0.084729799
9.039039039	8.473095987	0.084729923
9.049049049	8.473095987	0.084730044
9.059059059	8.473095987	0.084730159
9.069069069	8.473095987	0.084730268
9.079079079	8.473095987	0.08473037
9.089089089	8.473095987	0.084730464
9.099099099	8.473095987	0.08473055
9.109109109	8.473095987	0.084730628
9.119119119	8.473095987	0.084730698
9.129129129	8.473095987	0.084730759
9.139139139	8.473095987	0.084730814
9.149149149	8.473095987	0.084730861
9.159159159	8.473095987	0.084730901
9.169169169	8.473095987	0.084730935
9.179179179	8.473095987	0.084730963
9.189189189	8.473095987	0.084730987
9.199199199	8.473095987	0.084731005
9.209209209	8.473095987	0.08473102
9.219219219	8.473095987	0.084731031
9.229229229	8.473095987	0.084731038
9.239239239	8.473095987	0.084731043
9.249249249	8.473095987	0.084731046
9.259259259	8.473095987	0.084731046
9.269269269	8.473095987	0.084731045
9.279279279	8.473095987	0.084731043
9.289289289	8.473095987	0.08473104
9.299299299	8.473095987	0.084731035
9.309309309	8.473095987	0.08473103
9.319319319	8.473095987	0.084731025
9.329329329	8.473095987	0.08473102
9.339339339	8.473095987	0.084731014
9.349349349	8.473095987	0.084731008
9.359359359	8.473095987	0.084731003
9.369369369	8.473095987	0.084730997
9.379379379	8.473095987	0.084730992
9.389389389	8.473095987	0.084730987
9.399399399	8.473095987	0.084730983
9.409409409	8.473095987	0.084730979
9.419419419	8.473095987	0.084730975
9.429429429	8.473095987	0.084730972
9.439439439	8.473095987	0.084730969
9.449449449	8.473095987	0.084730967
9.459459459	8.473095987	0.084730964
9.469469469	8.473095987	0.084730963
9.479479479	8.473095987	0.084730961
9.489489489	8.473095987	0.08473096
9.499499499	8.473095987	0.084730959
9.50950951	8.473095987	0.084730958
9.51951952	8.473095987	0.084730957
9.52952953	8.473095987	0.084730957
9.53953954	8.473095987	0.084730957
9.54954955	8.473095987	0.084730956
9.55955956	8.473095987	0.084730956
9.56956957	8.473095987	0.084730956
9.57957958	8.473095987	0.084730956
9.58958959	8.473095987	0.084730956
9.5995996	8.473095987	0.084730956
9.60960961	8.473095987	0.084730957
9.61961962	8.473095987	0.084730957
9.62962963	8.473095987	0.084730957
9.63963964	8.473095987	0.084730957
9.64964965	8.473095987	0.084730957
9.65965966	8.473095987	0.084730958
9.66966967	8.473095987	0.084730958
9.67967968	8.473095987	0.084730958
9.68968969	8.473095987	0.084730958
9.6996997	8.473095987	0.084730958
9.70970971	8.473095987	0.084730958
9.71971972	8.473095987	0.084730958
9.72972973	8.473095987	0.084730959
9.73973974	8.473095987	0.084730959
9.74974975	8.473095987	0.084730959
9.75975976	8.473095987	0.084730959
9.76976977	8.473095987	0.084730959
9.77977978	8.473095987	0.084730959
9.78978979	8.473095987	0.084730959
9.7997998	8.473095987	0.084730959
9.80980981	8.473095987	0.084730959
9.81981982	8.473095987	0.084730959
9.82982983	8.473095987	0.084730959
9.83983984	8.473095987	0.084730959
9.84984985	8.473095987	0.084730959
9.85985986	8.473095987	0.084730959
9.86986987	8.473095987	0.08473096
9.87987988	8.473095987	0.08473096
9.88988989	8.473095987	0.08473096
9.8998999	8.473095987	0.08473096
9.90990991	8.473095987	0.08473096
9.91991992	8.473095987	0.08473096
9.92992993	8.473095987	0.08473096
9.93993994	8.473095987	0.08473096
9.94994995	8.473095987	0.08473096
9.95995996	8.473095987	0.08473096
9.96996997	8.473095987	0.08473096
9.97997998	8.473095987	0.08473096
9.98998999	8.473095987	0.08473096
10	8.473095987	0.08473096
