Time (sec), Heater 1 (%), Temperature 1 (degC)
0.000000000000000000e+00,4.293099987199923140e-01,0.000000000000000000e+00
1.001001000000000061e-03,4.293099987199923140e-01,7.117353677974371830e-03
2.002002000000000122e-03,4.293099987199923140e-01,2.658929437827125056e-02
3.003002999999999749e-03,4.293099987199923140e-01,5.582104686982297670e-02
4.004004000000000243e-03,4.293099987199923140e-01,9.251188612987186477e-02
5.005004999999999871e-03,4.293099987199923140e-01,1.346433083345781323e-01
6.006005999999999498e-03,4.293099987199923140e-01,1.804643155436499169e-01
7.007006999999999992e-03,4.293099987199923140e-01,2.284747069650169549e-01
8.008008000000000487e-03,4.293099987199923140e-01,2.774067851737757606e-01
9.009009000000000114e-03,4.293099987199923140e-01,3.262061002291415934e-01
1.001000999999999974e-02,4.293099987199923140e-01,3.740119653786975196e-01
1.101101099999999937e-02,4.293099987199923140e-01,4.201378481738962112e-01
1.201201199999999900e-02,4.293099987199923140e-01,4.640522391757590515e-01
1.301301300000000036e-02,4.293099987199923140e-01,5.053601436043124728e-01
1.401401399999999998e-02,4.293099987199923140e-01,5.437855212468216681e-01
1.501501500000000135e-02,4.293099987199923140e-01,5.791546330952412891e-01
1.601601600000000097e-02,4.293099987199923140e-01,6.113807307734974161e-01
1.701701700000000234e-02,4.293099987199923140e-01,6.404497426747475242e-01
1.801801800000000023e-02,4.293099987199923140e-01,6.664074274772190387e-01
1.901901900000000159e-02,4.293099987199923140e-01,6.893476351155792825e-01
2.002001999999999948e-02,4.293099987199923140e-01,7.094019036205401196e-01
2.102102100000000084e-02,4.293099987199923140e-01,7.267302257083662065e-01
2.202202199999999874e-02,4.293099987199923140e-01,7.415130058850810668e-01
2.302302300000000010e-02,4.293099987199923140e-01,7.539440557902319373e-01
2.402402399999999799e-02,4.293099987199923140e-01,7.642246693097984878e-01
2.502502499999999935e-02,4.293099987199923140e-01,7.725585974967199565e-01
2.602602600000000072e-02,4.293099987199923140e-01,7.791479371422361799e-01
2.702702699999999861e-02,4.293099987199923140e-01,7.841897391933226880e-01
2.802802799999999997e-02,4.293099987199923140e-01,7.878733508594170099e-01
2.902902900000000133e-02,4.293099987199923140e-01,7.903784221924620157e-01
3.003003000000000269e-02,4.293099987199923140e-01,7.918733556491622805e-01
3.103103099999999712e-02,4.293099987199923140e-01,7.925143232242001234e-01
3.203203200000000195e-02,4.293099987199923140e-01,7.924446365849029394e-01
3.303303300000000331e-02,4.293099987199923140e-01,7.917944978937476730e-01
3.403403400000000467e-02,4.293099987199923140e-01,7.906810067299588907e-01
3.503503499999999909e-02,4.293099987199923140e-01,7.892084161885996041e-01
3.603603600000000046e-02,4.293099987199923140e-01,7.874685827843809216e-01
3.703703700000000182e-02,4.293099987199923140e-01,7.855415409442195740e-01
3.803803800000000318e-02,4.293099987199923140e-01,7.834961882453466142e-01
3.903903899999999760e-02,4.293099987199923140e-01,7.813910813989713988e-01
4.004003999999999897e-02,4.293099987199923140e-01,7.792752253123469419e-01
4.104104100000000033e-02,4.293099987199923140e-01,7.771889313668071120e-01
4.204204200000000169e-02,4.293099987199923140e-01,7.751646756958024964e-01
4.304304299999999611e-02,4.293099987199923140e-01,7.732278951685640500e-01
4.404404399999999747e-02,4.293099987199923140e-01,7.713978318249454791e-01
4.504504499999999884e-02,4.293099987199923140e-01,7.696883080942948929e-01
4.604604600000000020e-02,4.293099987199923140e-01,7.681084535631471644e-01
4.704704699999999462e-02,4.293099987199923140e-01,7.666633832917367775e-01
4.804804799999999598e-02,4.293099987199923140e-01,7.653548415225251977e-01
4.904904899999999734e-02,4.293099987199923140e-01,7.641817900159519894e-01
5.005005010000000004e-02,4.293099987199923140e-01,7.631409064054238689e-01
5.105105110000000140e-02,4.293099987199923140e-01,7.622270894739002767e-01
5.205205210000000277e-02,4.293099987199923140e-01,7.614338467633301466e-01
5.305305310000000413e-02,4.293099987199923140e-01,7.607536960272809345e-01
5.405405410000000549e-02,4.293099987199923140e-01,7.601784420948223264e-01
5.505505510000000685e-02,4.293099987199923140e-01,7.596994814207965740e-01
5.605605609999999434e-02,4.293099987199923140e-01,7.593080374201195415e-01
5.705705709999999570e-02,4.293099987199923140e-01,7.589953196645127242e-01
5.805805809999999706e-02,4.293099987199923140e-01,7.587527176872215229e-01
5.905905909999999842e-02,4.293099987199923140e-01,7.585719048069710091e-01
6.006006009999999978e-02,4.293099987199923140e-01,7.584449557951166154e-01
6.106106110000000115e-02,4.293099987199923140e-01,7.583644022484199443e-01
6.206206210000000251e-02,4.293099987199923140e-01,7.583232741186320958e-01
6.306306310000001081e-02,4.293099987199923140e-01,7.583151758500605855e-01
6.406406409999999829e-02,4.293099987199923140e-01,7.583342517715845332e-01
6.506506509999999965e-02,4.293099987199923140e-01,7.583752345478340651e-01
6.606606610000000102e-02,4.293099987199923140e-01,7.584334036496073184e-01
6.706706710000000238e-02,4.293099987199923140e-01,7.585045853538715521e-01
6.806806810000000374e-02,4.293099987199923140e-01,7.585851250573740767e-01
6.906906910000000510e-02,4.293099987199923140e-01,7.586718734334479963e-01
7.007007010000000646e-02,4.293099987199923140e-01,7.587621241376392156e-01
7.107107110000000783e-02,4.293099987199923140e-01,7.588536068861087003e-01
7.207207209999999531e-02,4.293099987199923140e-01,7.589444390044537414e-01
7.307307309999999667e-02,4.293099987199923140e-01,7.590330908197218118e-01
7.407407409999999803e-02,4.293099987199923140e-01,7.591183510524258660e-01
7.507507509999999940e-02,4.293099987199923140e-01,7.591992922085583073e-01
7.607607610000000076e-02,4.293099987199923140e-01,7.592752290500094370e-01
7.707707710000000212e-02,4.293099987199923140e-01,7.593456909081783834e-01
7.807807810000000348e-02,4.293099987199923140e-01,7.594103939975855866e-01
7.907907910000000484e-02,4.293099987199923140e-01,7.594692137294833945e-01
8.008008009999999233e-02,4.293099987199923140e-01,7.595221431822750668e-01
8.108108109999999369e-02,4.293099987199923140e-01,7.595692931015135541e-01
8.208208209999999505e-02,4.293099987199923140e-01,7.596108642135137590e-01
8.308308309999999641e-02,4.293099987199923140e-01,7.596471126173676147e-01
8.408408409999999777e-02,4.293099987199923140e-01,7.596783428633459012e-01
8.508508509999999914e-02,4.293099987199923140e-01,7.597049010313021711e-01
8.608608610000000050e-02,4.293099987199923140e-01,7.597271539658810857e-01
8.708708710000000186e-02,4.293099987199923140e-01,7.597454823549214531e-01
8.808808809999998934e-02,4.293099987199923140e-01,7.597602599646652299e-01
8.908908909999999071e-02,4.293099987199923140e-01,7.597718605613539289e-01
9.009009009999999207e-02,4.293099987199923140e-01,7.597806579112295067e-01
9.109109109999999343e-02,4.293099987199923140e-01,7.597870050157423671e-01
9.209209209999999479e-02,4.293099987199923140e-01,7.597912202683577698e-01
9.309309309999999615e-02,4.293099987199923140e-01,7.597936220625408632e-01
9.409409409999999752e-02,4.293099987199923140e-01,7.597944872621746892e-01
9.509509509999999888e-02,4.293099987199923140e-01,7.597940858095445504e-01
9.609609610000000024e-02,4.293099987199923140e-01,7.597926530389511601e-01
9.709709710000000160e-02,4.293099987199923140e-01,7.597904035199034567e-01
9.809809810000000296e-02,4.293099987199923140e-01,7.597875241355225295e-01
9.909909910000000433e-02,4.293099987199923140e-01,7.597841810041379151e-01
1.001001000999999918e-01,4.293099987199923140e-01,7.597805194792880412e-01
1.011011010999999932e-01,4.293099987199923140e-01,7.597766641497202267e-01
1.021021020999999945e-01,4.293099987199923140e-01,7.597727188393905706e-01
1.031031030999999959e-01,4.293099987199923140e-01,7.597687735290609146e-01
1.041041040999999973e-01,4.293099987199923140e-01,7.597648974347017692e-01
1.051051050999999986e-01,4.293099987199923140e-01,7.597611528506871270e-01
1.061061061000000000e-01,4.293099987199923140e-01,7.597575882281962789e-01
1.071071071000000013e-01,4.293099987199923140e-01,7.597542243320204447e-01
1.081081081000000027e-01,4.293099987199923140e-01,7.597510957701449907e-01
1.091091091000000041e-01,4.293099987199923140e-01,7.597482163857639526e-01
1.101101101000000054e-01,4.293099987199923140e-01,7.597455861788775522e-01
1.111111111000000068e-01,4.293099987199923140e-01,7.597432051494855676e-01
1.121121121000000082e-01,4.293099987199923140e-01,7.597410732975881098e-01
1.131131131000000095e-01,4.293099987199923140e-01,7.597391837015881055e-01
1.141141141000000109e-01,4.293099987199923140e-01,7.597375225182912972e-01
1.151151151000000122e-01,4.293099987199923140e-01,7.597360897476980179e-01
1.161161161000000136e-01,4.293099987199923140e-01,7.597348577034195305e-01
1.171171170999999872e-01,4.293099987199923140e-01,7.597338263854561680e-01
1.181181180999999886e-01,4.293099987199923140e-01,7.597329611858224530e-01
1.191191190999999899e-01,4.293099987199923140e-01,7.597322621045184965e-01
1.201201200999999913e-01,4.293099987199923140e-01,7.597317083767528567e-01
1.211211210999999927e-01,4.293099987199923140e-01,7.597312792377345358e-01
1.221221220999999940e-01,4.293099987199923140e-01,7.597309677658664606e-01
1.231231230999999954e-01,4.293099987199923140e-01,7.597307462747601159e-01
1.241241240999999967e-01,4.293099987199923140e-01,7.597306147644159457e-01
1.251251251000000120e-01,4.293099987199923140e-01,7.597305455484451020e-01
1.261261261000000133e-01,4.293099987199923140e-01,7.597305455484451020e-01
1.271271271000000147e-01,4.293099987199923140e-01,7.597305870780275416e-01
1.281281281000000161e-01,4.293099987199923140e-01,7.597306701371924209e-01
1.291291291000000174e-01,4.293099987199923140e-01,7.597307808827454823e-01
1.301301301000000188e-01,4.293099987199923140e-01,7.597309193146869477e-01
1.311311311000000202e-01,4.293099987199923140e-01,7.597310715898224487e-01
1.321321321000000215e-01,4.293099987199923140e-01,7.597312307865550229e-01
1.331331330999999951e-01,4.293099987199923140e-01,7.597314038264818548e-01
1.341341340999999965e-01,4.293099987199923140e-01,7.597315768664085756e-01
1.351351350999999978e-01,4.293099987199923140e-01,7.597317429847382231e-01
1.361361360999999992e-01,4.293099987199923140e-01,7.597319091030678706e-01
1.371371371000000006e-01,4.293099987199923140e-01,7.597320682998005559e-01
1.381381381000000019e-01,4.293099987199923140e-01,7.597322205749359458e-01
1.391391391000000033e-01,4.293099987199923140e-01,7.597323590068774113e-01
1.401401401000000047e-01,4.293099987199923140e-01,7.597324905172218035e-01
1.411411411000000060e-01,4.293099987199923140e-01,7.597326081843719381e-01
1.421421421000000074e-01,4.293099987199923140e-01,7.597327189299249994e-01
1.431431431000000087e-01,4.293099987199923140e-01,7.597328158322840252e-01
1.441441441000000101e-01,4.293099987199923140e-01,7.597328988914487935e-01
1.451451451000000115e-01,4.293099987199923140e-01,7.597329750290167105e-01
1.461461461000000128e-01,4.293099987199923140e-01,7.597330373233902590e-01
1.471471471000000142e-01,4.293099987199923140e-01,7.597330996177638074e-01
1.481481481000000155e-01,4.293099987199923140e-01,7.597331480689433203e-01
1.491491490999999892e-01,4.293099987199923140e-01,7.597331895985257599e-01
1.501501501999999988e-01,4.293099987199923140e-01,7.597332172849140530e-01
1.511511512000000002e-01,4.293099987199923140e-01,7.597332449713023461e-01
1.521521522000000015e-01,4.293099987199923140e-01,7.597332657360935659e-01
1.531531532000000029e-01,4.293099987199923140e-01,7.597332795792877125e-01
1.541541542000000042e-01,4.293099987199923140e-01,7.597332934224817480e-01
1.551551552000000056e-01,4.293099987199923140e-01,7.597333003440788213e-01
1.561561562000000070e-01,4.293099987199923140e-01,7.597333072656758945e-01
1.571571572000000083e-01,4.293099987199923140e-01,7.597333072656758945e-01
1.581581582000000097e-01,4.293099987199923140e-01,7.597333003440788213e-01
1.591591592000000110e-01,4.293099987199923140e-01,7.597333003440788213e-01
1.601601601999999847e-01,4.293099987199923140e-01,7.597332934224817480e-01
1.611611611999999860e-01,4.293099987199923140e-01,7.597332865008846747e-01
1.621621621999999874e-01,4.293099987199923140e-01,7.597332865008846747e-01
1.631631631999999887e-01,4.293099987199923140e-01,7.597332795792877125e-01
1.641641641999999901e-01,4.293099987199923140e-01,7.597332657360935659e-01
1.651651651999999915e-01,4.293099987199923140e-01,7.597332588144964927e-01
1.661661661999999928e-01,4.293099987199923140e-01,7.597332518928994194e-01
1.671671671999999942e-01,4.293099987199923140e-01,7.597332449713023461e-01
1.681681681999999955e-01,4.293099987199923140e-01,7.597332380497052728e-01
1.691691691999999969e-01,4.293099987199923140e-01,7.597332380497052728e-01
1.701701701999999983e-01,4.293099987199923140e-01,7.597332311281081996e-01
1.711711711999999996e-01,4.293099987199923140e-01,7.597332242065111263e-01
1.721721722000000010e-01,4.293099987199923140e-01,7.597332172849140530e-01
1.731731732000000024e-01,4.293099987199923140e-01,7.597332172849140530e-01
1.741741742000000037e-01,4.293099987199923140e-01,7.597332103633169798e-01
1.751751752000000051e-01,4.293099987199923140e-01,7.597332034417199065e-01
1.761761761999999787e-01,4.293099987199923140e-01,7.597332034417199065e-01
1.771771771999999801e-01,4.293099987199923140e-01,7.597331965201228332e-01
1.781781781999999814e-01,4.293099987199923140e-01,7.597331965201228332e-01
1.791791791999999828e-01,4.293099987199923140e-01,7.597331895985257599e-01
1.801801801999999841e-01,4.293099987199923140e-01,7.597331895985257599e-01
1.811811811999999855e-01,4.293099987199923140e-01,7.597331895985257599e-01
1.821821821999999869e-01,4.293099987199923140e-01,7.597331826769286867e-01
1.831831831999999882e-01,4.293099987199923140e-01,7.597331826769286867e-01
1.841841841999999896e-01,4.293099987199923140e-01,7.597331826769286867e-01
1.851851851999999909e-01,4.293099987199923140e-01,7.597331826769286867e-01
1.861861861999999923e-01,4.293099987199923140e-01,7.597331826769286867e-01
1.871871871999999937e-01,4.293099987199923140e-01,7.597331826769286867e-01
1.881881881999999950e-01,4.293099987199923140e-01,7.597331826769286867e-01
1.891891891999999964e-01,4.293099987199923140e-01,7.597331826769286867e-01
1.901901901999999978e-01,4.293099987199923140e-01,7.597331826769286867e-01
1.911911911999999991e-01,4.293099987199923140e-01,7.597331826769286867e-01
1.921921922000000005e-01,4.293099987199923140e-01,7.597331826769286867e-01
1.931931932000000018e-01,4.293099987199923140e-01,7.597331826769286867e-01
1.941941942000000032e-01,4.293099987199923140e-01,7.597331826769286867e-01
1.951951952000000046e-01,4.293099987199923140e-01,7.597331826769286867e-01
1.961961962000000059e-01,4.293099987199923140e-01,7.597331826769286867e-01
1.971971972000000073e-01,4.293099987199923140e-01,7.597331826769286867e-01
1.981981982000000087e-01,4.293099987199923140e-01,7.597331826769286867e-01
1.991991992000000100e-01,4.293099987199923140e-01,7.597331826769286867e-01
2.002002001999999836e-01,1.000000000000000000e+00,7.598242708943653279e-01
2.012012012000000127e-01,1.000000000000000000e+00,7.627983150368644605e-01
2.022022021999999863e-01,1.000000000000000000e+00,7.693531435993913314e-01
2.032032032000000155e-01,1.000000000000000000e+00,7.787201339921522303e-01
2.042042041999999891e-01,1.000000000000000000e+00,7.902193292838161076e-01
2.052052052000000182e-01,1.000000000000000000e+00,8.032553683024369340e-01
2.062062061999999918e-01,1.000000000000000000e+00,8.173130488917322856e-01
2.072072072000000209e-01,1.000000000000000000e+00,8.319521436348782384e-01
2.082082081999999945e-01,1.000000000000000000e+00,8.468017310665094666e-01
2.092092092000000236e-01,1.000000000000000000e+00,8.615543815311801357e-01
2.102102101999999972e-01,1.000000000000000000e+00,8.759601976882877006e-01
2.112112112000000264e-01,1.000000000000000000e+00,8.898209103897720684e-01
2.122122122000000000e-01,1.000000000000000000e+00,9.029841129897564489e-01
2.132132132000000291e-01,1.000000000000000000e+00,9.153376825373098491e-01
2.142142142000000027e-01,1.000000000000000000e+00,9.268045539706584179e-01
2.152152152000000318e-01,1.000000000000000000e+00,9.373376881161170626e-01
2.162162162000000054e-01,1.000000000000000000e+00,9.469154965124253476e-01
2.172172171999999790e-01,1.000000000000000000e+00,9.555376676877153086e-01
2.182182182000000081e-01,1.000000000000000000e+00,9.632212495355695347e-01
2.192192191999999817e-01,1.000000000000000000e+00,9.699972162028746014e-01
2.202202202000000109e-01,1.000000000000000000e+00,9.759073879791254624e-01
2.212212211999999845e-01,1.000000000000000000e+00,9.810016903439852110e-01
2.222222222000000136e-01,1.000000000000000000e+00,9.853357937026854252e-01
2.232232231999999872e-01,1.000000000000000000e+00,9.889690299853068911e-01
2.242242242000000163e-01,1.000000000000000000e+00,9.919626830123043915e-01
2.252252251999999899e-01,1.000000000000000000e+00,9.943785141943304318e-01
2.262262262000000190e-01,1.000000000000000000e+00,9.962775650959421192e-01
2.272272271999999926e-01,1.000000000000000000e+00,9.977191607256233885e-01
2.282282282000000218e-01,1.000000000000000000e+00,9.987601550817049034e-01
2.292292291999999954e-01,1.000000000000000000e+00,9.994543705029996783e-01
2.302302302000000245e-01,1.000000000000000000e+00,9.998521270002039829e-01
2.312312311999999981e-01,1.000000000000000000e+00,1.000000000000000000e+00
2.322322322000000272e-01,1.000000000000000000e+00,9.999406473051278832e-01
2.332332332000000008e-01,1.000000000000000000e+00,9.997127468000124306e-01
2.342342341999999744e-01,1.000000000000000000e+00,9.993510102939583417e-01
2.352352352000000035e-01,1.000000000000000000e+00,9.988862735019109484e-01
2.362362361999999771e-01,1.000000000000000000e+00,9.983456483195917164e-01
2.372372372000000063e-01,1.000000000000000000e+00,9.977527166282170734e-01
2.382382381999999799e-01,1.000000000000000000e+00,9.971277102560218708e-01
2.392392392000000090e-01,1.000000000000000000e+00,9.964877809205444636e-01
2.402402401999999826e-01,1.000000000000000000e+00,9.958472424845248305e-01
2.412412412000000117e-01,1.000000000000000000e+00,9.952178132118019160e-01
2.422422421999999853e-01,1.000000000000000000e+00,9.946088995527936349e-01
2.432432432000000144e-01,1.000000000000000000e+00,9.940278176356023287e-01
2.442442441999999880e-01,1.000000000000000000e+00,9.934800424435101807e-01
2.452452452000000171e-01,1.000000000000000000e+00,9.929694777572645181e-01
2.462462461999999908e-01,1.000000000000000000e+00,9.924986153518102761e-01
2.472472472000000199e-01,1.000000000000000000e+00,9.920687980169791143e-01
2.482482481999999935e-01,1.000000000000000000e+00,9.916803718326244743e-01
2.492492491999999671e-01,1.000000000000000000e+00,9.913328661301455957e-01
2.502502503000000322e-01,1.000000000000000000e+00,9.910251665324143477e-01
2.512512512999999781e-01,1.000000000000000000e+00,9.907556118561337000e-01
2.522522523000000350e-01,1.000000000000000000e+00,9.905221879165569954e-01
2.532532532999999808e-01,1.000000000000000000e+00,9.903225621354712072e-01
2.542542543000000377e-01,1.000000000000000000e+00,9.901542150515431073e-01
2.552552552999999835e-01,1.000000000000000000e+00,9.900145372226775153e-01
2.562562563000000404e-01,1.000000000000000000e+00,9.899008569124057022e-01
2.572572572999999863e-01,1.000000000000000000e+00,9.898105093058554571e-01
2.582582583000000431e-01,1.000000000000000000e+00,9.897409126473201146e-01
2.592592592999999890e-01,1.000000000000000000e+00,9.896895543970634090e-01
2.602602602999999903e-01,1.000000000000000000e+00,9.896540535256930227e-01
2.612612612999999917e-01,1.000000000000000000e+00,9.896321882005499893e-01
2.622622622999999931e-01,1.000000000000000000e+00,9.896218750209162529e-01
2.632632632999999944e-01,1.000000000000000000e+00,9.896211967044034052e-01
2.642642642999999958e-01,1.000000000000000000e+00,9.896284366949382738e-01
2.652652652999999972e-01,1.000000000000000000e+00,9.896420099467918563e-01
2.662662662999999985e-01,1.000000000000000000e+00,9.896605252189532020e-01
2.672672672999999999e-01,1.000000000000000000e+00,9.896827573887408969e-01
2.682682683000000012e-01,1.000000000000000000e+00,9.897076197654151031e-01
2.692692693000000026e-01,1.000000000000000000e+00,9.897341917765655195e-01
2.702702703000000040e-01,1.000000000000000000e+00,9.897616705169319795e-01
2.712712713000000053e-01,1.000000000000000000e+00,9.897894053563900396e-01
2.722722723000000067e-01,1.000000000000000000e+00,9.898168425671741710e-01
2.732732733000000080e-01,1.000000000000000000e+00,9.898435391670719063e-01
2.742742743000000094e-01,1.000000000000000000e+00,9.898691421546325087e-01
2.752752753000000108e-01,1.000000000000000000e+00,9.898933815875703424e-01
2.762762763000000121e-01,1.000000000000000000e+00,9.899160705827646511e-01
2.772772772999999580e-01,1.000000000000000000e+00,9.899370776298711538e-01
2.782782783000000149e-01,1.000000000000000000e+00,9.899563335129190067e-01
2.792792792999999607e-01,1.000000000000000000e+00,9.899738036239226213e-01
2.802802803000000176e-01,1.000000000000000000e+00,9.899894948844795151e-01
2.812812812999999634e-01,1.000000000000000000e+00,9.900034488241720165e-01
2.822822823000000203e-01,1.000000000000000000e+00,9.900157277373734521e-01
2.832832832999999662e-01,1.000000000000000000e+00,9.900264008400549987e-01
2.842842843000000230e-01,1.000000000000000000e+00,9.900355788777693844e-01
2.852852852999999689e-01,1.000000000000000000e+00,9.900433656744727084e-01
2.862862863000000258e-01,1.000000000000000000e+00,9.900498788973152164e-01
2.872872872999999716e-01,1.000000000000000000e+00,9.900552154486560452e-01
2.882882883000000285e-01,1.000000000000000000e+00,9.900594999172419586e-01
2.892892892999999743e-01,1.000000000000000000e+00,9.900628499702236462e-01
2.902902903000000312e-01,1.000000000000000000e+00,9.900653625099599120e-01
2.912912912999999770e-01,1.000000000000000000e+00,9.900671482820039282e-01
2.922922922999999784e-01,1.000000000000000000e+00,9.900683111103115719e-01
2.932932932999999798e-01,1.000000000000000000e+00,9.900689340540479444e-01
2.942942942999999811e-01,1.000000000000000000e+00,9.900691209371689228e-01
2.952952952999999825e-01,1.000000000000000000e+00,9.900689340540479444e-01
2.962962962999999839e-01,1.000000000000000000e+00,9.900684426206560751e-01
2.972972972999999852e-01,1.000000000000000000e+00,9.900677227745607878e-01
2.982982982999999866e-01,1.000000000000000000e+00,9.900668160453446331e-01
2.992992992999999879e-01,1.000000000000000000e+00,9.900657778057840863e-01
3.003003002999999893e-01,1.000000000000000000e+00,9.900646495854618090e-01
3.013013012999999907e-01,1.000000000000000000e+00,9.900634729139600188e-01
3.023023022999999920e-01,1.000000000000000000e+00,9.900622754776670087e-01
3.033033032999999934e-01,1.000000000000000000e+00,9.900610780413739986e-01
3.043043042999999948e-01,1.000000000000000000e+00,9.900599082914690596e-01
3.053053052999999961e-01,1.000000000000000000e+00,9.900587800711466713e-01
3.063063062999999975e-01,1.000000000000000000e+00,9.900577072236008691e-01
3.073073072999999988e-01,1.000000000000000000e+00,9.900567035920259107e-01
3.083083083000000002e-01,1.000000000000000000e+00,9.900557622548243897e-01
3.093093093000000016e-01,1.000000000000000000e+00,9.900549039767878590e-01
3.103103103000000029e-01,1.000000000000000000e+00,9.900541218363190232e-01
3.113113113000000043e-01,1.000000000000000000e+00,9.900534089118208092e-01
3.123123123000000056e-01,1.000000000000000000e+00,9.900527790464873634e-01
3.133133133000000070e-01,1.000000000000000000e+00,9.900522183971246504e-01
3.143143143000000084e-01,1.000000000000000000e+00,9.900517338853298543e-01
3.153153153000000097e-01,1.000000000000000000e+00,9.900513116679086068e-01
3.163163163000000111e-01,1.000000000000000000e+00,9.900509517448610186e-01
3.173173173000000125e-01,1.000000000000000000e+00,9.900506471945899056e-01
3.183183183000000138e-01,1.000000000000000000e+00,9.900503980170953788e-01
3.193193193000000152e-01,1.000000000000000000e+00,9.900501972907804760e-01
3.203203203000000165e-01,1.000000000000000000e+00,9.900500380940477907e-01
3.213213213000000179e-01,1.000000000000000000e+00,9.900499204268976561e-01
3.223223223000000193e-01,1.000000000000000000e+00,9.900498304461358146e-01
3.233233233000000206e-01,1.000000000000000000e+00,9.900497681517621551e-01
3.243243243000000220e-01,1.000000000000000000e+00,9.900497335437766777e-01
3.253253253000000234e-01,1.000000000000000000e+00,9.900497197005825312e-01
3.263263262999999692e-01,1.000000000000000000e+00,9.900497197005825312e-01
3.273273273000000261e-01,1.000000000000000000e+00,9.900497335437766777e-01
3.283283282999999719e-01,1.000000000000000000e+00,9.900497612301650818e-01
3.293293293000000288e-01,1.000000000000000000e+00,9.900497958381504482e-01
3.303303302999999747e-01,1.000000000000000000e+00,9.900498373677327768e-01
3.313313313000000315e-01,1.000000000000000000e+00,9.900498858189122897e-01
3.323323322999999774e-01,1.000000000000000000e+00,9.900499411916887649e-01
3.333333333000000342e-01,1.000000000000000000e+00,9.900499896428682778e-01
3.343343342999999801e-01,1.000000000000000000e+00,9.900500450156447529e-01
3.353353353000000370e-01,1.000000000000000000e+00,9.900501003884213391e-01
3.363363362999999828e-01,1.000000000000000000e+00,9.900501488396009631e-01
3.373373373000000397e-01,1.000000000000000000e+00,9.900501972907804760e-01
3.383383382999999855e-01,1.000000000000000000e+00,9.900502388203628046e-01
3.393393393000000424e-01,1.000000000000000000e+00,9.900502872715423175e-01
3.403403402999999883e-01,1.000000000000000000e+00,9.900503218795276839e-01
3.413413412999999896e-01,1.000000000000000000e+00,9.900503564875129392e-01
3.423423422999999910e-01,1.000000000000000000e+00,9.900503910954983056e-01
3.433433432999999924e-01,1.000000000000000000e+00,9.900504187818865987e-01
3.443443442999999937e-01,1.000000000000000000e+00,9.900504395466777074e-01
3.453453452999999951e-01,1.000000000000000000e+00,9.900504603114689273e-01
3.463463462999999964e-01,1.000000000000000000e+00,9.900504810762603691e-01
3.473473472999999978e-01,1.000000000000000000e+00,9.900504949194545157e-01
3.483483482999999992e-01,1.000000000000000000e+00,9.900505087626486622e-01
3.493493493000000005e-01,1.000000000000000000e+00,9.900505226058426977e-01
3.503503504000000102e-01,1.000000000000000000e+00,9.900505295274397710e-01
3.513513514000000115e-01,1.000000000000000000e+00,9.900505433706339176e-01
3.523523523999999574e-01,1.000000000000000000e+00,9.900505433706339176e-01
3.533533534000000143e-01,1.000000000000000000e+00,9.900505502922309908e-01
3.543543543999999601e-01,1.000000000000000000e+00,9.900505572138280641e-01
3.553553554000000170e-01,1.000000000000000000e+00,9.900505572138280641e-01
3.563563563999999628e-01,1.000000000000000000e+00,9.900505572138280641e-01
3.573573574000000197e-01,1.000000000000000000e+00,9.900505572138280641e-01
3.583583583999999655e-01,1.000000000000000000e+00,9.900505572138280641e-01
3.593593594000000224e-01,1.000000000000000000e+00,9.900505572138280641e-01
3.603603603999999683e-01,1.000000000000000000e+00,9.900505572138280641e-01
3.613613614000000251e-01,1.000000000000000000e+00,9.900505572138280641e-01
3.623623623999999710e-01,1.000000000000000000e+00,9.900505502922309908e-01
3.633633634000000279e-01,1.000000000000000000e+00,9.900505502922309908e-01
3.643643643999999737e-01,1.000000000000000000e+00,9.900505502922309908e-01
3.653653654000000306e-01,1.000000000000000000e+00,9.900505433706339176e-01
3.663663663999999764e-01,1.000000000000000000e+00,9.900505433706339176e-01
3.673673673999999778e-01,1.000000000000000000e+00,9.900505433706339176e-01
3.683683683999999792e-01,1.000000000000000000e+00,9.900505433706339176e-01
3.693693693999999805e-01,1.000000000000000000e+00,9.900505364490368443e-01
3.703703703999999819e-01,1.000000000000000000e+00,9.900505364490368443e-01
3.713713713999999833e-01,1.000000000000000000e+00,9.900505364490368443e-01
3.723723723999999846e-01,1.000000000000000000e+00,9.900505364490368443e-01
3.733733733999999860e-01,1.000000000000000000e+00,9.900505295274397710e-01
3.743743743999999873e-01,1.000000000000000000e+00,9.900505295274397710e-01
3.753753753999999887e-01,1.000000000000000000e+00,9.900505295274397710e-01
3.763763763999999901e-01,1.000000000000000000e+00,9.900505295274397710e-01
3.773773773999999914e-01,1.000000000000000000e+00,9.900505295274397710e-01
3.783783783999999928e-01,1.000000000000000000e+00,9.900505295274397710e-01
3.793793793999999941e-01,1.000000000000000000e+00,9.900505295274397710e-01
3.803803803999999955e-01,1.000000000000000000e+00,9.900505295274397710e-01
3.813813813999999969e-01,1.000000000000000000e+00,9.900505226058426977e-01
3.823823823999999982e-01,1.000000000000000000e+00,9.900505226058426977e-01
3.833833833999999996e-01,1.000000000000000000e+00,9.900505226058426977e-01
3.843843844000000010e-01,1.000000000000000000e+00,9.900505226058426977e-01
3.853853854000000023e-01,1.000000000000000000e+00,9.900505226058426977e-01
3.863863864000000037e-01,1.000000000000000000e+00,9.900505226058426977e-01
3.873873874000000050e-01,1.000000000000000000e+00,9.900505226058426977e-01
3.883883884000000064e-01,1.000000000000000000e+00,9.900505226058426977e-01
3.893893894000000078e-01,1.000000000000000000e+00,9.900505226058426977e-01
3.903903904000000091e-01,1.000000000000000000e+00,9.900505226058426977e-01
3.913913914000000105e-01,1.000000000000000000e+00,9.900505226058426977e-01
3.923923924000000119e-01,1.000000000000000000e+00,9.900505226058426977e-01
3.933933934000000132e-01,1.000000000000000000e+00,9.900505226058426977e-01
3.943943944000000146e-01,1.000000000000000000e+00,9.900505226058426977e-01
3.953953954000000159e-01,1.000000000000000000e+00,9.900505226058426977e-01
3.963963964000000173e-01,1.000000000000000000e+00,9.900505226058426977e-01
3.973973974000000187e-01,1.000000000000000000e+00,9.900505226058426977e-01
3.983983984000000200e-01,1.000000000000000000e+00,9.900505226058426977e-01
3.993993994000000214e-01,1.000000000000000000e+00,9.900505226058426977e-01
4.004004003999999672e-01,6.143648020917026331e-01,9.898076022350862369e-01
4.014014013999999686e-01,6.143648020917026331e-01,9.872695218056160016e-01
4.024024024000000255e-01,6.143648020917026331e-01,9.824205416056959184e-01
4.034034034000000268e-01,6.143648020917026331e-01,9.757678901117837755e-01
4.044044043999999727e-01,6.143648020917026331e-01,9.677593808110918072e-01
4.054054053999999740e-01,6.143648020917026331e-01,9.587862292915939610e-01
4.064064064000000309e-01,6.143648020917026331e-01,9.491861402743182463e-01
4.074074074000000323e-01,6.143648020917026331e-01,9.392469206870182052e-01
4.084084083999999781e-01,6.143648020917026331e-01,9.292103142289479534e-01
4.094094093999999795e-01,6.143648020917026331e-01,9.192759743675819051e-01
4.104104104000000364e-01,6.143648020917026331e-01,9.096054857865107923e-01
4.114114114000000377e-01,6.143648020917026331e-01,9.003262958525783954e-01
4.124124123999999836e-01,6.143648020917026331e-01,8.915356322398219069e-01
4.134134133999999849e-01,6.143648020917026331e-01,8.833042613566814971e-01
4.144144144000000418e-01,6.143648020917026331e-01,8.756799491445346195e-01
4.154154154000000432e-01,6.143648020917026331e-01,8.686907834442901821e-01
4.164164163999999890e-01,6.143648020917026331e-01,8.623482541070837115e-01
4.174174173999999904e-01,6.143648020917026331e-01,8.566500493194938448e-01
4.184184184000000473e-01,6.143648020917026331e-01,8.515825681432789285e-01
4.194194193999999376e-01,6.143648020917026331e-01,8.471232530935888239e-01
4.204204203999999945e-01,6.143648020917026331e-01,8.432426181669068210e-01
4.214214213999999958e-01,6.143648020917026331e-01,8.399060484562876905e-01
4.224224224000000527e-01,6.143648020917026331e-01,8.370753298243098772e-01
4.234234233999999431e-01,6.143648020917026331e-01,8.347099916929068275e-01
4.244244243999999999e-01,6.143648020917026331e-01,8.327684906364670736e-01
4.254254254000000013e-01,6.143648020917026331e-01,8.312091378758396099e-01
4.264264264000000582e-01,6.143648020917026331e-01,8.299908606540132849e-01
4.274274273999999485e-01,6.143648020917026331e-01,8.290738736310319101e-01
4.284284284000000054e-01,6.143648020917026331e-01,8.284201426309975025e-01
4.294294294000000067e-01,6.143648020917026331e-01,8.279937445651188721e-01
4.304304304000000636e-01,6.143648020917026331e-01,8.277611789035784762e-01
4.314314313999999539e-01,6.143648020917026331e-01,8.276914784210871456e-01
4.324324324000000108e-01,6.143648020917026331e-01,8.277563753152121784e-01
4.334334334000000122e-01,6.143648020917026331e-01,8.279302596767960098e-01
4.344344343999999580e-01,6.143648020917026331e-01,8.281902071763437290e-01
4.354354353999999594e-01,6.143648020917026331e-01,8.285158960048590870e-01
4.364364364000000163e-01,6.143648020917026331e-01,8.288894892066934750e-01
4.374374374000000176e-01,6.143648020917026331e-01,8.292955170123962327e-01
4.384384383999999635e-01,6.143648020917026331e-01,8.297207453283702572e-01
4.394394393999999648e-01,6.143648020917026331e-01,8.301539680889596928e-01
4.404404404000000217e-01,6.143648020917026331e-01,8.305858826677029461e-01
4.414414414000000231e-01,6.143648020917026331e-01,8.310089029942117067e-01
4.424424423999999689e-01,6.143648020917026331e-01,8.314169588278558232e-01
4.434434433999999703e-01,6.143648020917026331e-01,8.318053642474192433e-01
4.444444444000000272e-01,6.143648020917026331e-01,8.321706584543672180e-01
4.454454454000000285e-01,6.143648020917026331e-01,8.325103981249338814e-01
4.464464463999999744e-01,6.143648020917026331e-01,8.328230743509582590e-01
4.474474473999999757e-01,6.143648020917026331e-01,8.331079188351656617e-01
4.484484484000000326e-01,6.143648020917026331e-01,8.333648208320026951e-01
4.494494493999999785e-01,6.143648020917026331e-01,8.335942025588909399e-01
4.504504504999999881e-01,6.143648020917026331e-01,8.337968876858815603e-01
4.514514514999999895e-01,6.143648020917026331e-01,8.339740390412822002e-01
4.524524525000000463e-01,6.143648020917026331e-01,8.341270824740891765e-01
4.534534534999999922e-01,6.143648020917026331e-01,8.342576099516287869e-01
4.544544544999999935e-01,6.143648020917026331e-01,8.343673518731680172e-01
4.554554554999999949e-01,6.143648020917026331e-01,8.344580870891540325e-01
4.564564565000000518e-01,6.143648020917026331e-01,8.345316152148249955e-01
4.574574574999999976e-01,6.143648020917026331e-01,8.345897220222245894e-01
4.584584584999999990e-01,6.143648020917026331e-01,8.346341586754117969e-01
4.594594595000000004e-01,6.143648020917026331e-01,8.346665932792802778e-01
4.604604604999999462e-01,6.143648020917026331e-01,8.346886247227528477e-01
4.614614615000000031e-01,6.143648020917026331e-01,8.347017273060057807e-01
4.624624625000000044e-01,6.143648020917026331e-01,8.347072991916468787e-01
4.634634635000000058e-01,6.143648020917026331e-01,8.347065931887457380e-01
4.644644644999999517e-01,6.143648020917026331e-01,8.347007652040130399e-01
4.654654655000000085e-01,6.143648020917026331e-01,8.346908465554122580e-01
4.664664665000000099e-01,6.143648020917026331e-01,8.346777647369506559e-01
4.674674675000000112e-01,6.143648020917026331e-01,8.346623295754852512e-01
4.684684684999999571e-01,6.143648020917026331e-01,8.346452470739174068e-01
4.694694695000000140e-01,6.143648020917026331e-01,8.346271332543860888e-01
4.704704705000000153e-01,6.143648020917026331e-01,8.346084864718804619e-01
4.714714715000000167e-01,6.143648020917026331e-01,8.345897566302100667e-01
4.724724724999999625e-01,6.143648020917026331e-01,8.345712898092281229e-01
4.734734735000000194e-01,6.143648020917026331e-01,8.345533836376090031e-01
4.744744745000000208e-01,6.143648020917026331e-01,8.345362457632645725e-01
4.754754755000000221e-01,6.143648020917026331e-01,8.345200630693156985e-01
4.764764764999999680e-01,6.143648020917026331e-01,8.345049463013156643e-01
4.774774775000000249e-01,6.143648020917026331e-01,8.344909785184290163e-01
4.784784785000000262e-01,6.143648020917026331e-01,8.344782081718354894e-01
4.794794794999999721e-01,6.143648020917026331e-01,8.344666491047292300e-01
4.804804804999999734e-01,6.143648020917026331e-01,8.344562805523189075e-01
4.814814815000000303e-01,6.143648020917026331e-01,8.344470886714103752e-01
4.824824825000000317e-01,6.143648020917026331e-01,8.344390180892272690e-01
4.834834834999999775e-01,6.143648020917026331e-01,8.344320065113955964e-01
4.844844844999999789e-01,6.143648020917026331e-01,8.344259985651391043e-01
4.854854855000000358e-01,6.143648020917026331e-01,8.344209181128899866e-01
4.864864865000000371e-01,6.143648020917026331e-01,8.344166959386775106e-01
4.874874874999999830e-01,6.143648020917026331e-01,8.344132420617397239e-01
4.884884884999999843e-01,6.143648020917026331e-01,8.344104803445089313e-01
4.894894895000000412e-01,6.143648020917026331e-01,8.344083415710144003e-01
4.904904905000000426e-01,6.143648020917026331e-01,8.344067426820914735e-01
4.914914914999999884e-01,6.143648020917026331e-01,8.344056213833661584e-01
4.924924924999999898e-01,6.143648020917026331e-01,8.344049084588679444e-01
4.934934935000000467e-01,6.143648020917026331e-01,8.344045485358203562e-01
4.944944944999999370e-01,6.143648020917026331e-01,8.344044793198496235e-01
4.954954954999999939e-01,6.143648020917026331e-01,8.344046523597763443e-01
4.964964964999999952e-01,6.143648020917026331e-01,8.344050192044210057e-01
4.974974975000000521e-01,6.143648020917026331e-01,8.344055383242012791e-01
4.984984984999999424e-01,6.143648020917026331e-01,8.344061681895346139e-01
4.994994994999999993e-01,6.143648020917026331e-01,8.344068811140327169e-01
5.005005005000000562e-01,6.143648020917026331e-01,8.344076494113075171e-01
5.015015015000000576e-01,6.143648020917026331e-01,8.344084523165675726e-01
5.025025024999999479e-01,6.143648020917026331e-01,8.344092621434248125e-01
5.035035034999999493e-01,6.143648020917026331e-01,8.344100719702819413e-01
5.045045045000000616e-01,6.143648020917026331e-01,8.344108541107507770e-01
5.055055055000000630e-01,6.143648020917026331e-01,8.344116085648313197e-01
5.065065064999999533e-01,6.143648020917026331e-01,8.344123284109266070e-01
5.075075074999999547e-01,6.143648020917026331e-01,8.344129998058423814e-01
5.085085085000000671e-01,6.143648020917026331e-01,8.344136227495785318e-01
5.095095094999999574e-01,6.143648020917026331e-01,8.344141972421355025e-01
5.105105104999999588e-01,6.143648020917026331e-01,8.344147094403184806e-01
5.115115114999999602e-01,6.143648020917026331e-01,8.344151801089193521e-01
5.125125125000000725e-01,6.143648020917026331e-01,8.344155884831463421e-01
5.135135134999999629e-01,6.143648020917026331e-01,8.344159553277911145e-01
5.145145144999999642e-01,6.143648020917026331e-01,8.344162737212562631e-01
5.155155154999999656e-01,6.143648020917026331e-01,8.344165436635420097e-01
5.165165165000000780e-01,6.143648020917026331e-01,8.344167789978423899e-01
5.175175174999999683e-01,6.143648020917026331e-01,8.344169797241574038e-01
5.185185184999999697e-01,6.143648020917026331e-01,8.344171389208900891e-01
5.195195194999999710e-01,6.143648020917026331e-01,8.344172704312342592e-01
5.205205205000000834e-01,6.143648020917026331e-01,8.344173742551903583e-01
5.215215214999999738e-01,6.143648020917026331e-01,8.344174573143551266e-01
5.225225224999999751e-01,6.143648020917026331e-01,8.344175126871318238e-01
5.235235234999999765e-01,6.143648020917026331e-01,8.344175542167141524e-01
5.245245244999999779e-01,6.143648020917026331e-01,8.344175749815053722e-01
5.255255254999999792e-01,6.143648020917026331e-01,8.344175819031024455e-01
5.265265264999999806e-01,6.143648020917026331e-01,8.344175819031024455e-01
5.275275274999999819e-01,6.143648020917026331e-01,8.344175680599082989e-01
5.285285284999999833e-01,6.143648020917026331e-01,8.344175542167141524e-01
5.295295294999999847e-01,6.143648020917026331e-01,8.344175265303259703e-01
5.305305304999999860e-01,6.143648020917026331e-01,8.344174988439376772e-01
5.315315314999999874e-01,6.143648020917026331e-01,8.344174642359521998e-01
5.325325324999999888e-01,6.143648020917026331e-01,8.344174296279669445e-01
5.335335334999999901e-01,6.143648020917026331e-01,8.344173950199815781e-01
5.345345344999999915e-01,6.143648020917026331e-01,8.344173604119962118e-01
5.355355354999999928e-01,6.143648020917026331e-01,8.344173258040109564e-01
5.365365364999999942e-01,6.143648020917026331e-01,8.344172911960255901e-01
5.375375374999999956e-01,6.143648020917026331e-01,8.344172635096371859e-01
5.385385384999999969e-01,6.143648020917026331e-01,8.344172358232490039e-01
5.395395394999999983e-01,6.143648020917026331e-01,8.344172081368607108e-01
5.405405404999999996e-01,6.143648020917026331e-01,8.344171804504724177e-01
5.415415415000000010e-01,6.143648020917026331e-01,8.344171596856811979e-01
5.425425425000000024e-01,6.143648020917026331e-01,8.344171389208900891e-01
5.435435435000000037e-01,6.143648020917026331e-01,8.344171181560988693e-01
5.445445445000000051e-01,6.143648020917026331e-01,8.344171043129046117e-01
5.455455455000000065e-01,6.143648020917026331e-01,8.344170904697104652e-01
5.465465465000000078e-01,6.143648020917026331e-01,8.344170766265163186e-01
5.475475475000000092e-01,6.143648020917026331e-01,8.344170627833221721e-01
5.485485485000000105e-01,6.143648020917026331e-01,8.344170558617250988e-01
5.495495495000000119e-01,6.143648020917026331e-01,8.344170489401281365e-01
5.505505506000000215e-01,6.143648020917026331e-01,8.344170420185310633e-01
5.515515516000000229e-01,6.143648020917026331e-01,8.344170350969339900e-01
5.525525526000000243e-01,6.143648020917026331e-01,8.344170350969339900e-01
5.535535536000000256e-01,6.143648020917026331e-01,8.344170281753369167e-01
5.545545545999999160e-01,6.143648020917026331e-01,8.344170281753369167e-01
5.555555556000000283e-01,6.143648020917026331e-01,8.344170281753369167e-01
5.565565566000000297e-01,6.143648020917026331e-01,8.344170281753369167e-01
5.575575576000000311e-01,6.143648020917026331e-01,8.344170281753369167e-01
5.585585585999999214e-01,6.143648020917026331e-01,8.344170281753369167e-01
5.595595596000000338e-01,6.143648020917026331e-01,8.344170281753369167e-01
5.605605606000000352e-01,6.143648020917026331e-01,8.344170281753369167e-01
5.615615616000000365e-01,6.143648020917026331e-01,8.344170281753369167e-01
5.625625625999999269e-01,6.143648020917026331e-01,8.344170281753369167e-01
5.635635636000000392e-01,6.143648020917026331e-01,8.344170281753369167e-01
5.645645646000000406e-01,6.143648020917026331e-01,8.344170281753369167e-01
5.655655656000000420e-01,6.143648020917026331e-01,8.344170281753369167e-01
5.665665665999999323e-01,6.143648020917026331e-01,8.344170281753369167e-01
5.675675676000000447e-01,6.143648020917026331e-01,8.344170350969339900e-01
5.685685686000000461e-01,6.143648020917026331e-01,8.344170350969339900e-01
5.695695695999999364e-01,6.143648020917026331e-01,8.344170350969339900e-01
5.705705705999999378e-01,6.143648020917026331e-01,8.344170350969339900e-01
5.715715716000000501e-01,6.143648020917026331e-01,8.344170350969339900e-01
5.725725726000000515e-01,6.143648020917026331e-01,8.344170350969339900e-01
5.735735735999999418e-01,6.143648020917026331e-01,8.344170350969339900e-01
5.745745745999999432e-01,6.143648020917026331e-01,8.344170350969339900e-01
5.755755756000000556e-01,6.143648020917026331e-01,8.344170350969339900e-01
5.765765766000000569e-01,6.143648020917026331e-01,8.344170350969339900e-01
5.775775775999999473e-01,6.143648020917026331e-01,8.344170420185310633e-01
5.785785785999999487e-01,6.143648020917026331e-01,8.344170420185310633e-01
5.795795796000000610e-01,6.143648020917026331e-01,8.344170420185310633e-01
5.805805806000000624e-01,6.143648020917026331e-01,8.344170420185310633e-01
5.815815815999999527e-01,6.143648020917026331e-01,8.344170420185310633e-01
5.825825825999999541e-01,6.143648020917026331e-01,8.344170420185310633e-01
5.835835836000000665e-01,6.143648020917026331e-01,8.344170420185310633e-01
5.845845845999999568e-01,6.143648020917026331e-01,8.344170420185310633e-01
5.855855855999999582e-01,6.143648020917026331e-01,8.344170420185310633e-01
5.865865865999999595e-01,6.143648020917026331e-01,8.344170420185310633e-01
5.875875876000000719e-01,6.143648020917026331e-01,8.344170420185310633e-01
5.885885885999999623e-01,6.143648020917026331e-01,8.344170420185310633e-01
5.895895895999999636e-01,6.143648020917026331e-01,8.344170420185310633e-01
5.905905905999999650e-01,6.143648020917026331e-01,8.344170420185310633e-01
5.915915916000000774e-01,6.143648020917026331e-01,8.344170420185310633e-01
5.925925925999999677e-01,6.143648020917026331e-01,8.344170420185310633e-01
5.935935935999999691e-01,6.143648020917026331e-01,8.344170420185310633e-01
5.945945945999999704e-01,6.143648020917026331e-01,8.344170420185310633e-01
5.955955956000000828e-01,6.143648020917026331e-01,8.344170420185310633e-01
5.965965965999999732e-01,6.143648020917026331e-01,8.344170420185310633e-01
5.975975975999999745e-01,6.143648020917026331e-01,8.344170420185310633e-01
5.985985985999999759e-01,6.143648020917026331e-01,8.344170420185310633e-01
5.995995996000000883e-01,6.143648020917026331e-01,8.344170420185310633e-01
6.006006005999999786e-01,4.158285064961976252e-01,8.341394098384703470e-01
6.016016015999999800e-01,4.158285064961976252e-01,8.325723948698867671e-01
6.026026025999999813e-01,4.158285064961976252e-01,8.298703833354189596e-01
6.036036035999999827e-01,4.158285064961976252e-01,8.262883114983364807e-01
6.046046045999999841e-01,4.158285064961976252e-01,8.220507644187579066e-01
6.056056055999999854e-01,4.158285064961976252e-01,8.173534917834103242e-01
6.066066065999999868e-01,4.158285064961976252e-01,8.123651106185072468e-01
6.076076075999999881e-01,4.158285064961976252e-01,8.072288564538082634e-01
6.086086085999999895e-01,4.158285064961976252e-01,8.020646874881274258e-01
6.096096095999999909e-01,4.158285064961976252e-01,7.969712987740807941e-01
6.106106105999999922e-01,4.158285064961976252e-01,7.920281986972074195e-01
6.116116115999999936e-01,4.158285064961976252e-01,7.872977439255078869e-01
6.126126125999999950e-01,4.158285064961976252e-01,7.828271328293999742e-01
6.136136135999999963e-01,4.158285064961976252e-01,7.786502673913312522e-01
6.146146145999999977e-01,4.158285064961976252e-01,7.747895874290010587e-01
6.156156155999999990e-01,4.158285064961976252e-01,7.712577110138675307e-01
6.166166166000000004e-01,4.158285064961976252e-01,7.680590333600698649e-01
6.176176176000000018e-01,4.158285064961976252e-01,7.651910973006484928e-01
6.186186186000000031e-01,4.158285064961976252e-01,7.626458945477936346e-01
6.196196196000000045e-01,4.158285064961976252e-01,7.604109939131683538e-01
6.206206206000000059e-01,4.158285064961976252e-01,7.584706349202449127e-01
6.216216216000000072e-01,4.158285064961976252e-01,7.568065653175508611e-01
6.226226226000000086e-01,4.158285064961976252e-01,7.553988439839282032e-01
6.236236236000000099e-01,4.158285064961976252e-01,7.542264638722707693e-01
6.246246246000000113e-01,4.158285064961976252e-01,7.532679887964539578e-01
6.256256256000000127e-01,4.158285064961976252e-01,7.525019825703527232e-01
6.266266266000000140e-01,4.158285064961976252e-01,7.519074173820696760e-01
6.276276276000000154e-01,4.158285064961976252e-01,7.514639714226084566e-01
6.286286286000000167e-01,4.158285064961976252e-01,7.511522642201737820e-01
6.296296296000000181e-01,4.158285064961976252e-01,7.509540435232930911e-01
6.306306306000000195e-01,4.158285064961976252e-01,7.508523098895634185e-01
6.316316316000000208e-01,4.158285064961976252e-01,7.508314135880101992e-01
6.326326326000000222e-01,4.158285064961976252e-01,7.508770615206844523e-01
6.336336335999999125e-01,4.158285064961976252e-01,7.509763449090515186e-01
6.346346346000000249e-01,4.158285064961976252e-01,7.511177392939903941e-01
6.356356356000000263e-01,4.158285064961976252e-01,7.512910422414202927e-01
6.366366366000000276e-01,4.158285064961976252e-01,7.514873248911214665e-01
6.376376375999999180e-01,4.158285064961976252e-01,7.516988488975698823e-01
6.386386386000000304e-01,4.158285064961976252e-01,7.519190179787584860e-01
6.396396396000000317e-01,4.158285064961976252e-01,7.521422740922399930e-01
6.406406406000000331e-01,4.158285064961976252e-01,7.523640074543662681e-01
6.416416415999999234e-01,4.158285064961976252e-01,7.525804804027196315e-01
6.426426426000000358e-01,4.158285064961976252e-01,7.527887097289629459e-01
6.436436436000000372e-01,4.158285064961976252e-01,7.529864251492576210e-01
6.446446446000000385e-01,4.158285064961976252e-01,7.531719516371124801e-01
6.456456455999999289e-01,4.158285064961976252e-01,7.533441263642199903e-01
6.466466466000000413e-01,4.158285064961976252e-01,7.535022571708732686e-01
6.476476476000000426e-01,4.158285064961976252e-01,7.536460256636069444e-01
6.486486486000000440e-01,4.158285064961976252e-01,7.537754318424211286e-01
6.496496495999999343e-01,4.158285064961976252e-01,7.538907318064074214e-01
6.506506507000000550e-01,4.158285064961976252e-01,7.539923893025693991e-01
6.516516517000000563e-01,4.158285064961976252e-01,7.540810549610316160e-01
6.526526526999999467e-01,4.158285064961976252e-01,7.541574624710835062e-01
6.536536536999999480e-01,4.158285064961976252e-01,7.542224631891645270e-01
6.546546547000000604e-01,4.158285064961976252e-01,7.542769361581026510e-01
6.556556557000000618e-01,4.158285064961976252e-01,7.543218019503081795e-01
6.566566566999999521e-01,4.158285064961976252e-01,7.543579880597882648e-01
6.576576576999999535e-01,4.158285064961976252e-01,7.543864219805503923e-01
6.586586587000000659e-01,4.158285064961976252e-01,7.544079896770193860e-01
6.596596596999999562e-01,4.158285064961976252e-01,7.544235494272321096e-01
6.606606606999999576e-01,4.158285064961976252e-01,7.544339110580453589e-01
6.616616616999999589e-01,4.158285064961976252e-01,7.544398221019428252e-01
6.626626627000000713e-01,4.158285064961976252e-01,7.544419885618256494e-01
6.636636636999999617e-01,4.158285064961976252e-01,7.544410472246241284e-01
6.646646646999999630e-01,4.158285064961976252e-01,7.544375795044921951e-01
6.656656656999999644e-01,4.158285064961976252e-01,7.544321114428071962e-01
6.666666667000000768e-01,4.158285064961976252e-01,7.544250998649756346e-01
6.676676676999999671e-01,4.158285064961976252e-01,7.544169531452247224e-01
6.686686686999999685e-01,4.158285064961976252e-01,7.544080242850048634e-01
6.696696696999999698e-01,4.158285064961976252e-01,7.543986247561842440e-01
6.706706707000000822e-01,4.158285064961976252e-01,7.543889968146603175e-01
6.716716716999999726e-01,4.158285064961976252e-01,7.543793688731365021e-01
6.726726726999999739e-01,4.158285064961976252e-01,7.543699070499422232e-01
6.736736736999999753e-01,4.158285064961976252e-01,7.543607566986162416e-01
6.746746747000000877e-01,4.158285064961976252e-01,7.543520216431143233e-01
6.756756756999999780e-01,4.158285064961976252e-01,7.543437987857954941e-01
6.766766766999999794e-01,4.158285064961976252e-01,7.543361296562424156e-01
6.776776776999999807e-01,4.158285064961976252e-01,7.543290627056342679e-01
6.786786786999999821e-01,4.158285064961976252e-01,7.543226117771653083e-01
6.796796796999999835e-01,4.158285064961976252e-01,7.543167837924327213e-01
6.806806806999999848e-01,4.158285064961976252e-01,7.543115718298392114e-01
6.816816816999999862e-01,4.158285064961976252e-01,7.543069620461908542e-01
6.826826826999999875e-01,4.158285064961976252e-01,7.543029198335021723e-01
6.836836836999999889e-01,4.158285064961976252e-01,7.542994244269820570e-01
6.846846846999999903e-01,4.158285064961976252e-01,7.542964273754507731e-01
6.856856856999999916e-01,4.158285064961976252e-01,7.542939079141174341e-01
6.866866866999999930e-01,4.158285064961976252e-01,7.542918106702053427e-01
6.876876876999999944e-01,4.158285064961976252e-01,7.542901010357291325e-01
6.886886886999999957e-01,4.158285064961976252e-01,7.542887444027035482e-01
6.896896896999999971e-01,4.158285064961976252e-01,7.542876992415459281e-01
6.906906906999999984e-01,4.158285064961976252e-01,7.542869240226741656e-01
6.916916916999999998e-01,4.158285064961976252e-01,7.542863910596998567e-01
6.926926927000000012e-01,4.158285064961976252e-01,7.542860657446375239e-01
6.936936937000000025e-01,4.158285064961976252e-01,7.542859134695020229e-01
6.946946947000000039e-01,4.158285064961976252e-01,7.542859134695020229e-01
6.956956957000000052e-01,4.158285064961976252e-01,7.542860242150550842e-01
6.966966967000000066e-01,4.158285064961976252e-01,7.542862318629671714e-01
6.976976977000000080e-01,4.158285064961976252e-01,7.542865087268499913e-01
6.986986987000000093e-01,4.158285064961976252e-01,7.542868409635093974e-01
6.996996997000000107e-01,4.158285064961976252e-01,7.542872147297511320e-01
7.007007007000000121e-01,4.158285064961976252e-01,7.542876161823811598e-01
7.017017017000000134e-01,4.158285064961976252e-01,7.542880245566082609e-01
7.027027027000000148e-01,4.158285064961976252e-01,7.542884398524324352e-01
7.037037037000000161e-01,4.158285064961976252e-01,7.542888551482566095e-01
7.047047047000000175e-01,4.158285064961976252e-01,7.542892566008866373e-01
7.057057057000000189e-01,4.158285064961976252e-01,7.542896442103225185e-01
7.067067067000000202e-01,4.158285064961976252e-01,7.542900110549672910e-01
7.077077077000000216e-01,4.158285064961976252e-01,7.542903502132236593e-01
7.087087086999999119e-01,4.158285064961976252e-01,7.542906686066889188e-01
7.097097097000000243e-01,4.158285064961976252e-01,7.542909593137657742e-01
7.107107107000000257e-01,4.158285064961976252e-01,7.542912223344544476e-01
7.117117117000000270e-01,4.158285064961976252e-01,7.542914576687548278e-01
7.127127126999999174e-01,4.158285064961976252e-01,7.542916653166669150e-01
7.137137137000000298e-01,4.158285064961976252e-01,7.542918521997877823e-01
7.147147147000000311e-01,4.158285064961976252e-01,7.542920113965203566e-01
7.157157157000000325e-01,4.158285064961976252e-01,7.542921498284618220e-01
7.167167166999999228e-01,4.158285064961976252e-01,7.542922605740148834e-01
7.177177177000000352e-01,4.158285064961976252e-01,7.542923574763739092e-01
7.187187187000000366e-01,4.158285064961976252e-01,7.542924405355386774e-01
7.197197197000000379e-01,4.158285064961976252e-01,7.542925028299123369e-01
7.207207206999999283e-01,4.158285064961976252e-01,7.542925512810918498e-01
7.217217217000000407e-01,4.158285064961976252e-01,7.542925858890772162e-01
7.227227227000000420e-01,4.158285064961976252e-01,7.542926135754653982e-01
7.237237237000000434e-01,4.158285064961976252e-01,7.542926343402566181e-01
7.247247246999999337e-01,4.158285064961976252e-01,7.542926412618536913e-01
7.257257257000000461e-01,4.158285064961976252e-01,7.542926481834507646e-01
7.267267267000000475e-01,4.158285064961976252e-01,7.542926412618536913e-01
7.277277276999999378e-01,4.158285064961976252e-01,7.542926343402566181e-01
7.287287286999999392e-01,4.158285064961976252e-01,7.542926274186595448e-01
7.297297297000000516e-01,4.158285064961976252e-01,7.542926135754653982e-01
7.307307307000000529e-01,4.158285064961976252e-01,7.542925997322712517e-01
7.317317316999999433e-01,4.158285064961976252e-01,7.542925789674801429e-01
7.327327326999999446e-01,4.158285064961976252e-01,7.542925651242859963e-01
7.337337337000000570e-01,4.158285064961976252e-01,7.542925443594947765e-01
7.347347347000000584e-01,4.158285064961976252e-01,7.542925305163006300e-01
7.357357356999999487e-01,4.158285064961976252e-01,7.542925097515094102e-01
7.367367366999999501e-01,4.158285064961976252e-01,7.542924959083152636e-01
7.377377377000000624e-01,4.158285064961976252e-01,7.542924751435240438e-01
7.387387387000000638e-01,4.158285064961976252e-01,7.542924613003298973e-01
7.397397396999999541e-01,4.158285064961976252e-01,7.542924474571357507e-01
7.407407406999999555e-01,4.158285064961976252e-01,7.542924336139416042e-01
7.417417417000000679e-01,4.158285064961976252e-01,7.542924197707474576e-01
7.427427426999999582e-01,4.158285064961976252e-01,7.542924128491503843e-01
7.437437436999999596e-01,4.158285064961976252e-01,7.542923990059562378e-01
7.447447446999999610e-01,4.158285064961976252e-01,7.542923920843591645e-01
7.457457457000000733e-01,4.158285064961976252e-01,7.542923851627622023e-01
7.467467466999999637e-01,4.158285064961976252e-01,7.542923782411651290e-01
7.477477476999999650e-01,4.158285064961976252e-01,7.542923782411651290e-01
7.487487486999999664e-01,4.158285064961976252e-01,7.542923713195680557e-01
7.497497497000000788e-01,4.158285064961976252e-01,7.542923643979709825e-01
7.507507507999999774e-01,4.158285064961976252e-01,7.542923643979709825e-01
7.517517517999999788e-01,4.158285064961976252e-01,7.542923643979709825e-01
7.527527527999999801e-01,4.158285064961976252e-01,7.542923643979709825e-01
7.537537537999999815e-01,4.158285064961976252e-01,7.542923643979709825e-01
7.547547547999999829e-01,4.158285064961976252e-01,7.542923643979709825e-01
7.557557557999999842e-01,4.158285064961976252e-01,7.542923643979709825e-01
7.567567567999999856e-01,4.158285064961976252e-01,7.542923643979709825e-01
7.577577577999999869e-01,4.158285064961976252e-01,7.542923643979709825e-01
7.587587587999999883e-01,4.158285064961976252e-01,7.542923643979709825e-01
7.597597597999999897e-01,4.158285064961976252e-01,7.542923643979709825e-01
7.607607607999999910e-01,4.158285064961976252e-01,7.542923643979709825e-01
7.617617617999999924e-01,4.158285064961976252e-01,7.542923643979709825e-01
7.627627627999999937e-01,4.158285064961976252e-01,7.542923643979709825e-01
7.637637637999999951e-01,4.158285064961976252e-01,7.542923643979709825e-01
7.647647647999999965e-01,4.158285064961976252e-01,7.542923643979709825e-01
7.657657657999999978e-01,4.158285064961976252e-01,7.542923643979709825e-01
7.667667667999999992e-01,4.158285064961976252e-01,7.542923643979709825e-01
7.677677678000000006e-01,4.158285064961976252e-01,7.542923643979709825e-01
7.687687688000000019e-01,4.158285064961976252e-01,7.542923643979709825e-01
7.697697698000000033e-01,4.158285064961976252e-01,7.542923643979709825e-01
7.707707708000000046e-01,4.158285064961976252e-01,7.542923643979709825e-01
7.717717718000000060e-01,4.158285064961976252e-01,7.542923643979709825e-01
7.727727728000000074e-01,4.158285064961976252e-01,7.542923643979709825e-01
7.737737738000000087e-01,4.158285064961976252e-01,7.542923643979709825e-01
7.747747748000000101e-01,4.158285064961976252e-01,7.542923643979709825e-01
7.757757758000000115e-01,4.158285064961976252e-01,7.542923643979709825e-01
7.767767768000000128e-01,4.158285064961976252e-01,7.542923643979709825e-01
7.777777778000000142e-01,4.158285064961976252e-01,7.542923643979709825e-01
7.787787788000000155e-01,4.158285064961976252e-01,7.542923643979709825e-01
7.797797798000000169e-01,4.158285064961976252e-01,7.542923643979709825e-01
7.807807808000000183e-01,4.158285064961976252e-01,7.542923643979709825e-01
7.817817818000000196e-01,4.158285064961976252e-01,7.542923643979709825e-01
7.827827828000000210e-01,4.158285064961976252e-01,7.542923643979709825e-01
7.837837837999999113e-01,4.158285064961976252e-01,7.542923643979709825e-01
7.847847848000000237e-01,4.158285064961976252e-01,7.542923643979709825e-01
7.857857858000000251e-01,4.158285064961976252e-01,7.542923643979709825e-01
7.867867868000000264e-01,4.158285064961976252e-01,7.542923643979709825e-01
7.877877877999999168e-01,4.158285064961976252e-01,7.542923643979709825e-01
7.887887888000000292e-01,4.158285064961976252e-01,7.542923643979709825e-01
7.897897898000000305e-01,4.158285064961976252e-01,7.542923643979709825e-01
7.907907908000000319e-01,4.158285064961976252e-01,7.542923643979709825e-01
7.917917917999999222e-01,4.158285064961976252e-01,7.542923643979709825e-01
7.927927928000000346e-01,4.158285064961976252e-01,7.542923643979709825e-01
7.937937938000000360e-01,4.158285064961976252e-01,7.542923643979709825e-01
7.947947948000000373e-01,4.158285064961976252e-01,7.542923643979709825e-01
7.957957957999999277e-01,4.158285064961976252e-01,7.542923643979709825e-01
7.967967968000000401e-01,4.158285064961976252e-01,7.542923643979709825e-01
7.977977978000000414e-01,4.158285064961976252e-01,7.542923643979709825e-01
7.987987988000000428e-01,4.158285064961976252e-01,7.542923643979709825e-01
7.997997997999999331e-01,4.158285064961976252e-01,7.542923643979709825e-01
8.008008007999999345e-01,0.000000000000000000e+00,7.532724532265637762e-01
8.018018017999999358e-01,0.000000000000000000e+00,7.494690979311644519e-01
8.028028027999999372e-01,0.000000000000000000e+00,7.434005254059746770e-01
8.038038037999999386e-01,0.000000000000000000e+00,7.355877381056213915e-01
8.048048048000000509e-01,0.000000000000000000e+00,7.264888211673679042e-01
8.058058058000000523e-01,0.000000000000000000e+00,7.165021125025728965e-01
8.068068068000000537e-01,0.000000000000000000e+00,7.059697466543890521e-01
8.078078078000000550e-01,0.000000000000000000e+00,6.951816970104521820e-01
8.088088087999999454e-01,0.000000000000000000e+00,6.843799426043175593e-01
8.098098097999999467e-01,0.000000000000000000e+00,6.737628356432099341e-01
8.108108107999999481e-01,0.000000000000000000e+00,6.634893582902221532e-01
8.118118117999999495e-01,0.000000000000000000e+00,6.536834486624834017e-01
8.128128128000000618e-01,0.000000000000000000e+00,6.444380638086392166e-01
8.138138138000000632e-01,0.000000000000000000e+00,6.358191180975836243e-01
8.148148148000000646e-01,0.000000000000000000e+00,6.278692485672657808e-01
8.158158158000000659e-01,0.000000000000000000e+00,6.206111995856566921e-01
8.168168167999999563e-01,0.000000000000000000e+00,6.140510344717891034e-01
8.178178177999999576e-01,0.000000000000000000e+00,6.081810979393041938e-01
8.188188187999999590e-01,0.000000000000000000e+00,6.029825770873666890e-01
8.198198197999999604e-01,0.000000000000000000e+00,5.984279239596391742e-01
8.208208208000000727e-01,0.000000000000000000e+00,5.944828766506270457e-01
8.218218218000000741e-01,0.000000000000000000e+00,5.911083835096633265e-01
8.228228228000000755e-01,0.000000000000000000e+00,5.882620912842786431e-01
8.238238237999999658e-01,0.000000000000000000e+00,5.858997778907951703e-01
8.248248247999999672e-01,0.000000000000000000e+00,5.839764737130513916e-01
8.258258257999999685e-01,0.000000000000000000e+00,5.824473960180065468e-01
8.268268267999999699e-01,0.000000000000000000e+00,5.812687449394041694e-01
8.278278277999999712e-01,0.000000000000000000e+00,5.803983056567161292e-01
8.288288288000000836e-01,0.000000000000000000e+00,5.797959467501326847e-01
8.298298298000000850e-01,0.000000000000000000e+00,5.794239524372214456e-01
8.308308308000000864e-01,0.000000000000000000e+00,5.792472648288244930e-01
8.318318317999999767e-01,0.000000000000000000e+00,5.792336569689854331e-01
8.328328327999999781e-01,0.000000000000000000e+00,5.793537812861293546e-01
8.338338337999999794e-01,0.000000000000000000e+00,5.795812111226438246e-01
8.348348347999999808e-01,0.000000000000000000e+00,5.798923369109246773e-01
8.358358357999999821e-01,0.000000000000000000e+00,5.802663384869861662e-01
8.368368368000000945e-01,0.000000000000000000e+00,5.806850328153263519e-01
8.378378378000000959e-01,0.000000000000000000e+00,5.811327147921943048e-01
8.388388387999998752e-01,0.000000000000000000e+00,5.815960049704542723e-01
8.398398397999999876e-01,0.000000000000000000e+00,5.820636765196594009e-01
8.408408407999999890e-01,0.000000000000000000e+00,5.825264544997362792e-01
8.418418417999999903e-01,0.000000000000000000e+00,5.829768358994613653e-01
8.428428427999999917e-01,0.000000000000000000e+00,5.834089027533400085e-01
8.438438437999999930e-01,0.000000000000000000e+00,5.838181421800832105e-01
8.448448448000001054e-01,0.000000000000000000e+00,5.842012733426795723e-01
8.458458458000001068e-01,0.000000000000000000e+00,5.845560951732610144e-01
8.468468467999998861e-01,0.000000000000000000e+00,5.848813064115785387e-01
8.478478477999999985e-01,0.000000000000000000e+00,5.851763879378518718e-01
8.488488487999999998e-01,0.000000000000000000e+00,5.854414435760371127e-01
8.498498498000000012e-01,0.000000000000000000e+00,5.856771239562587050e-01
8.508508509000000108e-01,0.000000000000000000e+00,5.858844880828683044e-01
8.518518519000000122e-01,0.000000000000000000e+00,5.860649064320858637e-01
8.528528529000001246e-01,0.000000000000000000e+00,5.862200055792226028e-01
8.538538538999999039e-01,0.000000000000000000e+00,5.863515574531283914e-01
8.548548548999999053e-01,0.000000000000000000e+00,5.864614585714003070e-01
8.558558559000000177e-01,0.000000000000000000e+00,5.865516331380236092e-01
8.568568569000000190e-01,0.000000000000000000e+00,5.866240330433721839e-01
8.578578579000000204e-01,0.000000000000000000e+00,5.866805755698342173e-01
8.588588589000000217e-01,0.000000000000000000e+00,5.867230949406331275e-01
8.598598599000000231e-01,0.000000000000000000e+00,5.867533838494098930e-01
8.608608608999999134e-01,0.000000000000000000e+00,5.867731034794613221e-01
8.618618618999999148e-01,0.000000000000000000e+00,5.867838111901280129e-01
8.628628628999999162e-01,0.000000000000000000e+00,5.867869535951977245e-01
8.638638639000000286e-01,0.000000000000000000e+00,5.867838388765163060e-01
8.648648649000000299e-01,0.000000000000000000e+00,5.867756713919741740e-01
8.658658659000000313e-01,0.000000000000000000e+00,5.867635032243256887e-01
8.668668669000000326e-01,0.000000000000000000e+00,5.867482826323695555e-01
8.678678679000000340e-01,0.000000000000000000e+00,5.867308471293510852e-01
8.688688688999999243e-01,0.000000000000000000e+00,5.867119096397684919e-01
8.698698698999999257e-01,0.000000000000000000e+00,5.866920861857610747e-01
8.708708708999999271e-01,0.000000000000000000e+00,5.866718958871088851e-01
8.718718719000000394e-01,0.000000000000000000e+00,5.866517748044274283e-01
8.728728729000000408e-01,0.000000000000000000e+00,5.866320759391671080e-01
8.738738739000000422e-01,0.000000000000000000e+00,5.866130692336138930e-01
8.748748749000000435e-01,0.000000000000000000e+00,5.865949900220679414e-01
8.758758758999999339e-01,0.000000000000000000e+00,5.865779836580679030e-01
8.768768768999999352e-01,0.000000000000000000e+00,5.865621747303607636e-01
8.778778778999999366e-01,0.000000000000000000e+00,5.865476186117232205e-01
8.788788788999999380e-01,0.000000000000000000e+00,5.865343706749319708e-01
8.798798799000000503e-01,0.000000000000000000e+00,5.865224170767926459e-01
8.808808809000000517e-01,0.000000000000000000e+00,5.865117508957083947e-01
8.818818819000000531e-01,0.000000000000000000e+00,5.865023306020965554e-01
8.828828829000000544e-01,0.000000000000000000e+00,5.864940939015836907e-01
8.838838838999999448e-01,0.000000000000000000e+00,5.864869784997960300e-01
8.848848848999999461e-01,0.000000000000000000e+00,5.864809151807630627e-01
8.858858858999999475e-01,0.000000000000000000e+00,5.864758139637227252e-01
8.868868868999999489e-01,0.000000000000000000e+00,5.864715987111073225e-01
8.878878879000000612e-01,0.000000000000000000e+00,5.864681863637519754e-01
8.888888889000000626e-01,0.000000000000000000e+00,5.864654869408948423e-01
8.898898899000000640e-01,0.000000000000000000e+00,5.864634243049681173e-01
8.908908909000000653e-01,0.000000000000000000e+00,5.864619153968069210e-01
8.918918918999999557e-01,0.000000000000000000e+00,5.864608910004405207e-01
8.928928928999999570e-01,0.000000000000000000e+00,5.864602888214955900e-01
8.938938938999999584e-01,0.000000000000000000e+00,5.864600327224038789e-01
8.948948948999999597e-01,0.000000000000000000e+00,5.864600673303892453e-01
8.958958959000000721e-01,0.000000000000000000e+00,5.864603441942720652e-01
8.968968969000000735e-01,0.000000000000000000e+00,5.864608079412757524e-01
8.978978979000000749e-01,0.000000000000000000e+00,5.864614239634149406e-01
8.988988988999999652e-01,0.000000000000000000e+00,5.864621438095102279e-01
8.998998998999999666e-01,0.000000000000000000e+00,5.864629397931732102e-01
9.009009008999999679e-01,0.000000000000000000e+00,5.864637842280157054e-01
9.019019018999999693e-01,0.000000000000000000e+00,5.864646563492464937e-01
9.029029028999999706e-01,0.000000000000000000e+00,5.864655284704771709e-01
9.039039039000000830e-01,0.000000000000000000e+00,5.864663867485138127e-01
9.049049049000000844e-01,0.000000000000000000e+00,5.864672242617593456e-01
9.059059059000000858e-01,0.000000000000000000e+00,5.864680202454223279e-01
9.069069068999999761e-01,0.000000000000000000e+00,5.864687746995028705e-01
9.079079078999999775e-01,0.000000000000000000e+00,5.864694807024040113e-01
9.089089088999999788e-01,0.000000000000000000e+00,5.864701313325285659e-01
9.099099098999999802e-01,0.000000000000000000e+00,5.864707265898765343e-01
9.109109108999999815e-01,0.000000000000000000e+00,5.864712664744480275e-01
9.119119119000000939e-01,0.000000000000000000e+00,5.864717509862428235e-01
9.129129129000000953e-01,0.000000000000000000e+00,5.864721732036640711e-01
9.139139138999998746e-01,0.000000000000000000e+00,5.864725538915029901e-01
9.149149148999999870e-01,0.000000000000000000e+00,5.864728792065652119e-01
9.159159158999999883e-01,0.000000000000000000e+00,5.864731560704479207e-01
9.169169168999999897e-01,0.000000000000000000e+00,5.864733914047483010e-01
9.179179178999999911e-01,0.000000000000000000e+00,5.864735852094663526e-01
9.189189188999999924e-01,0.000000000000000000e+00,5.864737513277958891e-01
9.199199199000001048e-01,0.000000000000000000e+00,5.864738759165432080e-01
9.209209209000001062e-01,0.000000000000000000e+00,5.864739797404993071e-01
9.219219218999998855e-01,0.000000000000000000e+00,5.864740558780670021e-01
9.229229228999999979e-01,0.000000000000000000e+00,5.864741043292465150e-01
9.239239238999999992e-01,0.000000000000000000e+00,5.864741389372318814e-01
9.249249249000000006e-01,0.000000000000000000e+00,5.864741597020231012e-01
9.259259259000000020e-01,0.000000000000000000e+00,5.864741597020231012e-01
9.269269269000000033e-01,0.000000000000000000e+00,5.864741527804260279e-01
9.279279279000001157e-01,0.000000000000000000e+00,5.864741389372318814e-01
9.289289288999998950e-01,0.000000000000000000e+00,5.864741181724406616e-01
9.299299298999998964e-01,0.000000000000000000e+00,5.864740835644552952e-01
9.309309309000000088e-01,0.000000000000000000e+00,5.864740489564699288e-01
9.319319319000000101e-01,0.000000000000000000e+00,5.864740143484846735e-01
9.329329329000000115e-01,0.000000000000000000e+00,5.864739797404993071e-01
9.339339339000000129e-01,0.000000000000000000e+00,5.864739382109167565e-01
9.349349349000000142e-01,0.000000000000000000e+00,5.864738966813344279e-01
9.359359359000001266e-01,0.000000000000000000e+00,5.864738620733490615e-01
9.369369368999999059e-01,0.000000000000000000e+00,5.864738205437667329e-01
9.379379378999999073e-01,0.000000000000000000e+00,5.864737859357813665e-01
9.389389389000000197e-01,0.000000000000000000e+00,5.864737513277958891e-01
9.399399399000000210e-01,0.000000000000000000e+00,5.864737236414077071e-01
9.409409409000000224e-01,0.000000000000000000e+00,5.864736959550194140e-01
9.419419419000000238e-01,0.000000000000000000e+00,5.864736682686311209e-01
9.429429429000000251e-01,0.000000000000000000e+00,5.864736475038399011e-01
9.439439438999999155e-01,0.000000000000000000e+00,5.864736267390487923e-01
9.449449448999999168e-01,0.000000000000000000e+00,5.864736128958546457e-01
9.459459458999999182e-01,0.000000000000000000e+00,5.864735921310634259e-01
9.469469469000000306e-01,0.000000000000000000e+00,5.864735852094663526e-01
9.479479479000000319e-01,0.000000000000000000e+00,5.864735713662720951e-01
9.489489489000000333e-01,0.000000000000000000e+00,5.864735644446750218e-01
9.499499499000000347e-01,0.000000000000000000e+00,5.864735575230779485e-01
9.509509510000000443e-01,0.000000000000000000e+00,5.864735506014808752e-01
9.519519519999999346e-01,0.000000000000000000e+00,5.864735436798838020e-01
9.529529529999999360e-01,0.000000000000000000e+00,5.864735436798838020e-01
9.539539539999999374e-01,0.000000000000000000e+00,5.864735436798838020e-01
9.549549550000000497e-01,0.000000000000000000e+00,5.864735367582868397e-01
9.559559560000000511e-01,0.000000000000000000e+00,5.864735367582868397e-01
9.569569570000000525e-01,0.000000000000000000e+00,5.864735367582868397e-01
9.579579580000000538e-01,0.000000000000000000e+00,5.864735367582868397e-01
9.589589589999999442e-01,0.000000000000000000e+00,5.864735367582868397e-01
9.599599599999999455e-01,0.000000000000000000e+00,5.864735367582868397e-01
9.609609609999999469e-01,0.000000000000000000e+00,5.864735436798838020e-01
9.619619619999999482e-01,0.000000000000000000e+00,5.864735436798838020e-01
9.629629630000000606e-01,0.000000000000000000e+00,5.864735436798838020e-01
9.639639640000000620e-01,0.000000000000000000e+00,5.864735436798838020e-01
9.649649650000000634e-01,0.000000000000000000e+00,5.864735436798838020e-01
9.659659660000000647e-01,0.000000000000000000e+00,5.864735506014808752e-01
9.669669669999999551e-01,0.000000000000000000e+00,5.864735506014808752e-01
9.679679679999999564e-01,0.000000000000000000e+00,5.864735506014808752e-01
9.689689689999999578e-01,0.000000000000000000e+00,5.864735506014808752e-01
9.699699699999999591e-01,0.000000000000000000e+00,5.864735506014808752e-01
9.709709710000000715e-01,0.000000000000000000e+00,5.864735506014808752e-01
9.719719720000000729e-01,0.000000000000000000e+00,5.864735506014808752e-01
9.729729730000000743e-01,0.000000000000000000e+00,5.864735575230779485e-01
9.739739739999999646e-01,0.000000000000000000e+00,5.864735575230779485e-01
9.749749749999999660e-01,0.000000000000000000e+00,5.864735575230779485e-01
9.759759759999999673e-01,0.000000000000000000e+00,5.864735575230779485e-01
9.769769769999999687e-01,0.000000000000000000e+00,5.864735575230779485e-01
9.779779779999999700e-01,0.000000000000000000e+00,5.864735575230779485e-01
9.789789790000000824e-01,0.000000000000000000e+00,5.864735575230779485e-01
9.799799800000000838e-01,0.000000000000000000e+00,5.864735575230779485e-01
9.809809810000000851e-01,0.000000000000000000e+00,5.864735575230779485e-01
9.819819819999999755e-01,0.000000000000000000e+00,5.864735575230779485e-01
9.829829829999999768e-01,0.000000000000000000e+00,5.864735575230779485e-01
9.839839839999999782e-01,0.000000000000000000e+00,5.864735575230779485e-01
9.849849849999999796e-01,0.000000000000000000e+00,5.864735575230779485e-01
9.859859859999999809e-01,0.000000000000000000e+00,5.864735575230779485e-01
9.869869870000000933e-01,0.000000000000000000e+00,5.864735644446750218e-01
9.879879880000000947e-01,0.000000000000000000e+00,5.864735644446750218e-01
9.889889889999998740e-01,0.000000000000000000e+00,5.864735644446750218e-01
9.899899899999999864e-01,0.000000000000000000e+00,5.864735644446750218e-01
9.909909909999999877e-01,0.000000000000000000e+00,5.864735644446750218e-01
9.919919919999999891e-01,0.000000000000000000e+00,5.864735644446750218e-01
9.929929929999999905e-01,0.000000000000000000e+00,5.864735644446750218e-01
9.939939939999999918e-01,0.000000000000000000e+00,5.864735644446750218e-01
9.949949950000001042e-01,0.000000000000000000e+00,5.864735644446750218e-01
9.959959960000001056e-01,0.000000000000000000e+00,5.864735644446750218e-01
9.969969969999998849e-01,0.000000000000000000e+00,5.864735644446750218e-01
9.979979979999999973e-01,0.000000000000000000e+00,5.864735644446750218e-01
9.989989989999999986e-01,0.000000000000000000e+00,5.864735644446750218e-01
1.000000000000000000e+00,0.000000000000000000e+00,5.864735644446750218e-01
