U-2, U-1,..................,U-n     Y-2, Y-1,................,Y-n,.................Yk
2.658929437827125056e-02
5.582104686982297670e-02
9.251188612987186477e-02
1.346433083345781323e-01
1.804643155436499169e-01
2.284747069650169549e-01
2.774067851737757606e-01
3.262061002291415934e-01
3.740119653786975196e-01
4.201378481738962112e-01
4.640522391757590515e-01
5.053601436043124728e-01
5.437855212468216681e-01
5.791546330952412891e-01
6.113807307734974161e-01
6.404497426747475242e-01
6.664074274772190387e-01
6.893476351155792825e-01
7.094019036205401196e-01
7.267302257083662065e-01
7.415130058850810668e-01
7.539440557902319373e-01
7.642246693097984878e-01
7.725585974967199565e-01
7.791479371422361799e-01
7.841897391933226880e-01
7.878733508594170099e-01
7.903784221924620157e-01
7.918733556491622805e-01
7.925143232242001234e-01
7.924446365849029394e-01
7.917944978937476730e-01
7.906810067299588907e-01
7.892084161885996041e-01
7.874685827843809216e-01
7.855415409442195740e-01
7.834961882453466142e-01
7.813910813989713988e-01
7.792752253123469419e-01
7.771889313668071120e-01
7.751646756958024964e-01
7.732278951685640500e-01
7.713978318249454791e-01
7.696883080942948929e-01
7.681084535631471644e-01
7.666633832917367775e-01
7.653548415225251977e-01
7.641817900159519894e-01
7.631409064054238689e-01
7.622270894739002767e-01
7.614338467633301466e-01
7.607536960272809345e-01
7.601784420948223264e-01
7.596994814207965740e-01
7.593080374201195415e-01
7.589953196645127242e-01
7.587527176872215229e-01
7.585719048069710091e-01
7.584449557951166154e-01
7.583644022484199443e-01
7.583232741186320958e-01
7.583151758500605855e-01
7.583342517715845332e-01
7.583752345478340651e-01
7.584334036496073184e-01
7.585045853538715521e-01
7.585851250573740767e-01
7.586718734334479963e-01
7.587621241376392156e-01
7.588536068861087003e-01
7.589444390044537414e-01
7.590330908197218118e-01
7.591183510524258660e-01
7.591992922085583073e-01
7.592752290500094370e-01
7.593456909081783834e-01
7.594103939975855866e-01
7.594692137294833945e-01
7.595221431822750668e-01
7.595692931015135541e-01
7.596108642135137590e-01
7.596471126173676147e-01
7.596783428633459012e-01
7.597049010313021711e-01
7.597271539658810857e-01
7.597454823549214531e-01
7.597602599646652299e-01
7.597718605613539289e-01
7.597806579112295067e-01
7.597870050157423671e-01
7.597912202683577698e-01
7.597936220625408632e-01
7.597944872621746892e-01
7.597940858095445504e-01
7.597926530389511601e-01
7.597904035199034567e-01
7.597875241355225295e-01
7.597841810041379151e-01
7.597805194792880412e-01
7.597766641497202267e-01
7.597727188393905706e-01
7.597687735290609146e-01
7.597648974347017692e-01
7.597611528506871270e-01
7.597575882281962789e-01
7.597542243320204447e-01
7.597510957701449907e-01
7.597482163857639526e-01
7.597455861788775522e-01
7.597432051494855676e-01
7.597410732975881098e-01
7.597391837015881055e-01
7.597375225182912972e-01
7.597360897476980179e-01
7.597348577034195305e-01
7.597338263854561680e-01
7.597329611858224530e-01
7.597322621045184965e-01
7.597317083767528567e-01
7.597312792377345358e-01
7.597309677658664606e-01
7.597307462747601159e-01
7.597306147644159457e-01
7.597305455484451020e-01
7.597305455484451020e-01
7.597305870780275416e-01
7.597306701371924209e-01
7.597307808827454823e-01
7.597309193146869477e-01
7.597310715898224487e-01
7.597312307865550229e-01
7.597314038264818548e-01
7.597315768664085756e-01
7.597317429847382231e-01
7.597319091030678706e-01
7.597320682998005559e-01
7.597322205749359458e-01
7.597323590068774113e-01
7.597324905172218035e-01
7.597326081843719381e-01
7.597327189299249994e-01
7.597328158322840252e-01
7.597328988914487935e-01
7.597329750290167105e-01
7.597330373233902590e-01
7.597330996177638074e-01
7.597331480689433203e-01
7.597331895985257599e-01
7.597332172849140530e-01
7.597332449713023461e-01
7.597332657360935659e-01
7.597332795792877125e-01
7.597332934224817480e-01
7.597333003440788213e-01
7.597333072656758945e-01
7.597333072656758945e-01
7.597333003440788213e-01
7.597333003440788213e-01
7.597332934224817480e-01
7.597332865008846747e-01
7.597332865008846747e-01
7.597332795792877125e-01
7.597332657360935659e-01
7.597332588144964927e-01
7.597332518928994194e-01
7.597332449713023461e-01
7.597332380497052728e-01
7.597332380497052728e-01
7.597332311281081996e-01
7.597332242065111263e-01
7.597332172849140530e-01
7.597332172849140530e-01
7.597332103633169798e-01
7.597332034417199065e-01
7.597332034417199065e-01
7.597331965201228332e-01
7.597331965201228332e-01
7.597331895985257599e-01
7.597331895985257599e-01
7.597331895985257599e-01
7.597331826769286867e-01
7.597331826769286867e-01
7.597331826769286867e-01
7.597331826769286867e-01
7.597331826769286867e-01
7.597331826769286867e-01
7.597331826769286867e-01
7.597331826769286867e-01
7.597331826769286867e-01
7.597331826769286867e-01
7.597331826769286867e-01
7.597331826769286867e-01
7.597331826769286867e-01
7.597331826769286867e-01
7.597331826769286867e-01
7.597331826769286867e-01
7.597331826769286867e-01
7.597331826769286867e-01
7.598242708943653279e-01
7.627983150368644605e-01
7.693531435993913314e-01
7.787201339921522303e-01
7.902193292838161076e-01
8.032553683024369340e-01
8.173130488917322856e-01
8.319521436348782384e-01
8.468017310665094666e-01
8.615543815311801357e-01
8.759601976882877006e-01
8.898209103897720684e-01
9.029841129897564489e-01
9.153376825373098491e-01
9.268045539706584179e-01
9.373376881161170626e-01
9.469154965124253476e-01
9.555376676877153086e-01
9.632212495355695347e-01
9.699972162028746014e-01
9.759073879791254624e-01
9.810016903439852110e-01
9.853357937026854252e-01
9.889690299853068911e-01
9.919626830123043915e-01
9.943785141943304318e-01
9.962775650959421192e-01
9.977191607256233885e-01
9.987601550817049034e-01
9.994543705029996783e-01
9.998521270002039829e-01
1.000000000000000000e+00
9.999406473051278832e-01
9.997127468000124306e-01
9.993510102939583417e-01
9.988862735019109484e-01
9.983456483195917164e-01
9.977527166282170734e-01
9.971277102560218708e-01
9.964877809205444636e-01
9.958472424845248305e-01
9.952178132118019160e-01
9.946088995527936349e-01
9.940278176356023287e-01
9.934800424435101807e-01
9.929694777572645181e-01
9.924986153518102761e-01
9.920687980169791143e-01
9.916803718326244743e-01
9.913328661301455957e-01
9.910251665324143477e-01
9.907556118561337000e-01
9.905221879165569954e-01
9.903225621354712072e-01
9.901542150515431073e-01
9.900145372226775153e-01
9.899008569124057022e-01
9.898105093058554571e-01
9.897409126473201146e-01
9.896895543970634090e-01
9.896540535256930227e-01
9.896321882005499893e-01
9.896218750209162529e-01
9.896211967044034052e-01
9.896284366949382738e-01
9.896420099467918563e-01
9.896605252189532020e-01
9.896827573887408969e-01
9.897076197654151031e-01
9.897341917765655195e-01
9.897616705169319795e-01
9.897894053563900396e-01
9.898168425671741710e-01
9.898435391670719063e-01
9.898691421546325087e-01
9.898933815875703424e-01
9.899160705827646511e-01
9.899370776298711538e-01
9.899563335129190067e-01
9.899738036239226213e-01
9.899894948844795151e-01
9.900034488241720165e-01
9.900157277373734521e-01
9.900264008400549987e-01
9.900355788777693844e-01
9.900433656744727084e-01
9.900498788973152164e-01
9.900552154486560452e-01
9.900594999172419586e-01
9.900628499702236462e-01
9.900653625099599120e-01
9.900671482820039282e-01
9.900683111103115719e-01
9.900689340540479444e-01
9.900691209371689228e-01
9.900689340540479444e-01
9.900684426206560751e-01
9.900677227745607878e-01
9.900668160453446331e-01
9.900657778057840863e-01
9.900646495854618090e-01
9.900634729139600188e-01
9.900622754776670087e-01
9.900610780413739986e-01
9.900599082914690596e-01
9.900587800711466713e-01
9.900577072236008691e-01
9.900567035920259107e-01
9.900557622548243897e-01
9.900549039767878590e-01
9.900541218363190232e-01
9.900534089118208092e-01
9.900527790464873634e-01
9.900522183971246504e-01
9.900517338853298543e-01
9.900513116679086068e-01
9.900509517448610186e-01
9.900506471945899056e-01
9.900503980170953788e-01
9.900501972907804760e-01
9.900500380940477907e-01
9.900499204268976561e-01
9.900498304461358146e-01
9.900497681517621551e-01
9.900497335437766777e-01
9.900497197005825312e-01
9.900497197005825312e-01
9.900497335437766777e-01
9.900497612301650818e-01
9.900497958381504482e-01
9.900498373677327768e-01
9.900498858189122897e-01
9.900499411916887649e-01
9.900499896428682778e-01
9.900500450156447529e-01
9.900501003884213391e-01
9.900501488396009631e-01
9.900501972907804760e-01
9.900502388203628046e-01
9.900502872715423175e-01
9.900503218795276839e-01
9.900503564875129392e-01
9.900503910954983056e-01
9.900504187818865987e-01
9.900504395466777074e-01
9.900504603114689273e-01
9.900504810762603691e-01
9.900504949194545157e-01
9.900505087626486622e-01
9.900505226058426977e-01
9.900505295274397710e-01
9.900505433706339176e-01
9.900505433706339176e-01
9.900505502922309908e-01
9.900505572138280641e-01
9.900505572138280641e-01
9.900505572138280641e-01
9.900505572138280641e-01
9.900505572138280641e-01
9.900505572138280641e-01
9.900505572138280641e-01
9.900505572138280641e-01
9.900505502922309908e-01
9.900505502922309908e-01
9.900505502922309908e-01
9.900505433706339176e-01
9.900505433706339176e-01
9.900505433706339176e-01
9.900505433706339176e-01
9.900505364490368443e-01
9.900505364490368443e-01
9.900505364490368443e-01
9.900505364490368443e-01
9.900505295274397710e-01
9.900505295274397710e-01
9.900505295274397710e-01
9.900505295274397710e-01
9.900505295274397710e-01
9.900505295274397710e-01
9.900505295274397710e-01
9.900505295274397710e-01
9.900505226058426977e-01
9.900505226058426977e-01
9.900505226058426977e-01
9.900505226058426977e-01
9.900505226058426977e-01
9.900505226058426977e-01
9.900505226058426977e-01
9.900505226058426977e-01
9.900505226058426977e-01
9.900505226058426977e-01
9.900505226058426977e-01
9.900505226058426977e-01
9.900505226058426977e-01
9.900505226058426977e-01
9.900505226058426977e-01
9.900505226058426977e-01
9.900505226058426977e-01
9.900505226058426977e-01
9.900505226058426977e-01
9.898076022350862369e-01
9.872695218056160016e-01
9.824205416056959184e-01
9.757678901117837755e-01
9.677593808110918072e-01
9.587862292915939610e-01
9.491861402743182463e-01
9.392469206870182052e-01
9.292103142289479534e-01
9.192759743675819051e-01
9.096054857865107923e-01
9.003262958525783954e-01
8.915356322398219069e-01
8.833042613566814971e-01
8.756799491445346195e-01
8.686907834442901821e-01
8.623482541070837115e-01
8.566500493194938448e-01
8.515825681432789285e-01
8.471232530935888239e-01
8.432426181669068210e-01
8.399060484562876905e-01
8.370753298243098772e-01
8.347099916929068275e-01
8.327684906364670736e-01
8.312091378758396099e-01
8.299908606540132849e-01
8.290738736310319101e-01
8.284201426309975025e-01
8.279937445651188721e-01
8.277611789035784762e-01
8.276914784210871456e-01
8.277563753152121784e-01
8.279302596767960098e-01
8.281902071763437290e-01
8.285158960048590870e-01
8.288894892066934750e-01
8.292955170123962327e-01
8.297207453283702572e-01
8.301539680889596928e-01
8.305858826677029461e-01
8.310089029942117067e-01
8.314169588278558232e-01
8.318053642474192433e-01
8.321706584543672180e-01
8.325103981249338814e-01
8.328230743509582590e-01
8.331079188351656617e-01
8.333648208320026951e-01
8.335942025588909399e-01
8.337968876858815603e-01
8.339740390412822002e-01
8.341270824740891765e-01
8.342576099516287869e-01
8.343673518731680172e-01
8.344580870891540325e-01
8.345316152148249955e-01
8.345897220222245894e-01
8.346341586754117969e-01
8.346665932792802778e-01
8.346886247227528477e-01
8.347017273060057807e-01
8.347072991916468787e-01
8.347065931887457380e-01
8.347007652040130399e-01
8.346908465554122580e-01
8.346777647369506559e-01
8.346623295754852512e-01
8.346452470739174068e-01
8.346271332543860888e-01
8.346084864718804619e-01
8.345897566302100667e-01
8.345712898092281229e-01
8.345533836376090031e-01
8.345362457632645725e-01
8.345200630693156985e-01
8.345049463013156643e-01
8.344909785184290163e-01
8.344782081718354894e-01
8.344666491047292300e-01
8.344562805523189075e-01
8.344470886714103752e-01
8.344390180892272690e-01
8.344320065113955964e-01
8.344259985651391043e-01
8.344209181128899866e-01
8.344166959386775106e-01
8.344132420617397239e-01
8.344104803445089313e-01
8.344083415710144003e-01
8.344067426820914735e-01
8.344056213833661584e-01
8.344049084588679444e-01
8.344045485358203562e-01
8.344044793198496235e-01
8.344046523597763443e-01
8.344050192044210057e-01
8.344055383242012791e-01
8.344061681895346139e-01
8.344068811140327169e-01
8.344076494113075171e-01
8.344084523165675726e-01
8.344092621434248125e-01
8.344100719702819413e-01
8.344108541107507770e-01
8.344116085648313197e-01
8.344123284109266070e-01
8.344129998058423814e-01
8.344136227495785318e-01
8.344141972421355025e-01
8.344147094403184806e-01
8.344151801089193521e-01
8.344155884831463421e-01
8.344159553277911145e-01
8.344162737212562631e-01
8.344165436635420097e-01
8.344167789978423899e-01
8.344169797241574038e-01
8.344171389208900891e-01
8.344172704312342592e-01
8.344173742551903583e-01
8.344174573143551266e-01
8.344175126871318238e-01
8.344175542167141524e-01
8.344175749815053722e-01
8.344175819031024455e-01
8.344175819031024455e-01
8.344175680599082989e-01
8.344175542167141524e-01
8.344175265303259703e-01
8.344174988439376772e-01
8.344174642359521998e-01
8.344174296279669445e-01
8.344173950199815781e-01
8.344173604119962118e-01
8.344173258040109564e-01
8.344172911960255901e-01
8.344172635096371859e-01
8.344172358232490039e-01
8.344172081368607108e-01
8.344171804504724177e-01
8.344171596856811979e-01
8.344171389208900891e-01
8.344171181560988693e-01
8.344171043129046117e-01
8.344170904697104652e-01
8.344170766265163186e-01
8.344170627833221721e-01
8.344170558617250988e-01
8.344170489401281365e-01
8.344170420185310633e-01
8.344170350969339900e-01
8.344170350969339900e-01
8.344170281753369167e-01
8.344170281753369167e-01
8.344170281753369167e-01
8.344170281753369167e-01
8.344170281753369167e-01
8.344170281753369167e-01
8.344170281753369167e-01
8.344170281753369167e-01
8.344170281753369167e-01
8.344170281753369167e-01
8.344170281753369167e-01
8.344170281753369167e-01
8.344170281753369167e-01
8.344170281753369167e-01
8.344170350969339900e-01
8.344170350969339900e-01
8.344170350969339900e-01
8.344170350969339900e-01
8.344170350969339900e-01
8.344170350969339900e-01
8.344170350969339900e-01
8.344170350969339900e-01
8.344170350969339900e-01
8.344170350969339900e-01
8.344170420185310633e-01
8.344170420185310633e-01
8.344170420185310633e-01
8.344170420185310633e-01
8.344170420185310633e-01
8.344170420185310633e-01
8.344170420185310633e-01
8.344170420185310633e-01
8.344170420185310633e-01
8.344170420185310633e-01
8.344170420185310633e-01
8.344170420185310633e-01
8.344170420185310633e-01
8.344170420185310633e-01
8.344170420185310633e-01
8.344170420185310633e-01
8.344170420185310633e-01
8.344170420185310633e-01
8.344170420185310633e-01
8.344170420185310633e-01
8.344170420185310633e-01
8.344170420185310633e-01
8.344170420185310633e-01
8.341394098384703470e-01
8.325723948698867671e-01
8.298703833354189596e-01
8.262883114983364807e-01
8.220507644187579066e-01
8.173534917834103242e-01
8.123651106185072468e-01
8.072288564538082634e-01
8.020646874881274258e-01
7.969712987740807941e-01
7.920281986972074195e-01
7.872977439255078869e-01
7.828271328293999742e-01
7.786502673913312522e-01
7.747895874290010587e-01
7.712577110138675307e-01
7.680590333600698649e-01
7.651910973006484928e-01
7.626458945477936346e-01
7.604109939131683538e-01
7.584706349202449127e-01
7.568065653175508611e-01
7.553988439839282032e-01
7.542264638722707693e-01
7.532679887964539578e-01
7.525019825703527232e-01
7.519074173820696760e-01
7.514639714226084566e-01
7.511522642201737820e-01
7.509540435232930911e-01
7.508523098895634185e-01
7.508314135880101992e-01
7.508770615206844523e-01
7.509763449090515186e-01
7.511177392939903941e-01
7.512910422414202927e-01
7.514873248911214665e-01
7.516988488975698823e-01
7.519190179787584860e-01
7.521422740922399930e-01
7.523640074543662681e-01
7.525804804027196315e-01
7.527887097289629459e-01
7.529864251492576210e-01
7.531719516371124801e-01
7.533441263642199903e-01
7.535022571708732686e-01
7.536460256636069444e-01
7.537754318424211286e-01
7.538907318064074214e-01
7.539923893025693991e-01
7.540810549610316160e-01
7.541574624710835062e-01
7.542224631891645270e-01
7.542769361581026510e-01
7.543218019503081795e-01
7.543579880597882648e-01
7.543864219805503923e-01
7.544079896770193860e-01
7.544235494272321096e-01
7.544339110580453589e-01
7.544398221019428252e-01
7.544419885618256494e-01
7.544410472246241284e-01
7.544375795044921951e-01
7.544321114428071962e-01
7.544250998649756346e-01
7.544169531452247224e-01
7.544080242850048634e-01
7.543986247561842440e-01
7.543889968146603175e-01
7.543793688731365021e-01
7.543699070499422232e-01
7.543607566986162416e-01
7.543520216431143233e-01
7.543437987857954941e-01
7.543361296562424156e-01
7.543290627056342679e-01
7.543226117771653083e-01
7.543167837924327213e-01
7.543115718298392114e-01
7.543069620461908542e-01
7.543029198335021723e-01
7.542994244269820570e-01
7.542964273754507731e-01
7.542939079141174341e-01
7.542918106702053427e-01
7.542901010357291325e-01
7.542887444027035482e-01
7.542876992415459281e-01
7.542869240226741656e-01
7.542863910596998567e-01
7.542860657446375239e-01
7.542859134695020229e-01
7.542859134695020229e-01
7.542860242150550842e-01
7.542862318629671714e-01
7.542865087268499913e-01
7.542868409635093974e-01
7.542872147297511320e-01
7.542876161823811598e-01
7.542880245566082609e-01
7.542884398524324352e-01
7.542888551482566095e-01
7.542892566008866373e-01
7.542896442103225185e-01
7.542900110549672910e-01
7.542903502132236593e-01
7.542906686066889188e-01
7.542909593137657742e-01
7.542912223344544476e-01
7.542914576687548278e-01
7.542916653166669150e-01
7.542918521997877823e-01
7.542920113965203566e-01
7.542921498284618220e-01
7.542922605740148834e-01
7.542923574763739092e-01
7.542924405355386774e-01
7.542925028299123369e-01
7.542925512810918498e-01
7.542925858890772162e-01
7.542926135754653982e-01
7.542926343402566181e-01
7.542926412618536913e-01
7.542926481834507646e-01
7.542926412618536913e-01
7.542926343402566181e-01
7.542926274186595448e-01
7.542926135754653982e-01
7.542925997322712517e-01
7.542925789674801429e-01
7.542925651242859963e-01
7.542925443594947765e-01
7.542925305163006300e-01
7.542925097515094102e-01
7.542924959083152636e-01
7.542924751435240438e-01
7.542924613003298973e-01
7.542924474571357507e-01
7.542924336139416042e-01
7.542924197707474576e-01
7.542924128491503843e-01
7.542923990059562378e-01
7.542923920843591645e-01
7.542923851627622023e-01
7.542923782411651290e-01
7.542923782411651290e-01
7.542923713195680557e-01
7.542923643979709825e-01
7.542923643979709825e-01
7.542923643979709825e-01
7.542923643979709825e-01
7.542923643979709825e-01
7.542923643979709825e-01
7.542923643979709825e-01
7.542923643979709825e-01
7.542923643979709825e-01
7.542923643979709825e-01
7.542923643979709825e-01
7.542923643979709825e-01
7.542923643979709825e-01
7.542923643979709825e-01
7.542923643979709825e-01
7.542923643979709825e-01
7.542923643979709825e-01
7.542923643979709825e-01
7.542923643979709825e-01
7.542923643979709825e-01
7.542923643979709825e-01
7.542923643979709825e-01
7.542923643979709825e-01
7.542923643979709825e-01
7.542923643979709825e-01
7.542923643979709825e-01
7.542923643979709825e-01
7.542923643979709825e-01
7.542923643979709825e-01
7.542923643979709825e-01
7.542923643979709825e-01
7.542923643979709825e-01
7.542923643979709825e-01
7.542923643979709825e-01
7.542923643979709825e-01
7.542923643979709825e-01
7.542923643979709825e-01
7.542923643979709825e-01
7.542923643979709825e-01
7.542923643979709825e-01
7.542923643979709825e-01
7.542923643979709825e-01
7.542923643979709825e-01
7.542923643979709825e-01
7.542923643979709825e-01
7.542923643979709825e-01
7.542923643979709825e-01
7.542923643979709825e-01
7.542923643979709825e-01
7.542923643979709825e-01
7.542923643979709825e-01
7.532724532265637762e-01
7.494690979311644519e-01
7.434005254059746770e-01
7.355877381056213915e-01
7.264888211673679042e-01
7.165021125025728965e-01
7.059697466543890521e-01
6.951816970104521820e-01
6.843799426043175593e-01
6.737628356432099341e-01
6.634893582902221532e-01
6.536834486624834017e-01
6.444380638086392166e-01
6.358191180975836243e-01
6.278692485672657808e-01
6.206111995856566921e-01
6.140510344717891034e-01
6.081810979393041938e-01
6.029825770873666890e-01
5.984279239596391742e-01
5.944828766506270457e-01
5.911083835096633265e-01
5.882620912842786431e-01
5.858997778907951703e-01
5.839764737130513916e-01
5.824473960180065468e-01
5.812687449394041694e-01
5.803983056567161292e-01
5.797959467501326847e-01
5.794239524372214456e-01
5.792472648288244930e-01
5.792336569689854331e-01
5.793537812861293546e-01
5.795812111226438246e-01
5.798923369109246773e-01
5.802663384869861662e-01
5.806850328153263519e-01
5.811327147921943048e-01
5.815960049704542723e-01
5.820636765196594009e-01
5.825264544997362792e-01
5.829768358994613653e-01
5.834089027533400085e-01
5.838181421800832105e-01
5.842012733426795723e-01
5.845560951732610144e-01
5.848813064115785387e-01
5.851763879378518718e-01
5.854414435760371127e-01
5.856771239562587050e-01
5.858844880828683044e-01
5.860649064320858637e-01
5.862200055792226028e-01
5.863515574531283914e-01
5.864614585714003070e-01
5.865516331380236092e-01
5.866240330433721839e-01
5.866805755698342173e-01
5.867230949406331275e-01
5.867533838494098930e-01
5.867731034794613221e-01
5.867838111901280129e-01
5.867869535951977245e-01
5.867838388765163060e-01
5.867756713919741740e-01
5.867635032243256887e-01
5.867482826323695555e-01
5.867308471293510852e-01
5.867119096397684919e-01
5.866920861857610747e-01
5.866718958871088851e-01
5.866517748044274283e-01
5.866320759391671080e-01
5.866130692336138930e-01
5.865949900220679414e-01
5.865779836580679030e-01
5.865621747303607636e-01
5.865476186117232205e-01
5.865343706749319708e-01
5.865224170767926459e-01
5.865117508957083947e-01
5.865023306020965554e-01
5.864940939015836907e-01
5.864869784997960300e-01
5.864809151807630627e-01
5.864758139637227252e-01
5.864715987111073225e-01
5.864681863637519754e-01
5.864654869408948423e-01
5.864634243049681173e-01
5.864619153968069210e-01
5.864608910004405207e-01
5.864602888214955900e-01
5.864600327224038789e-01
5.864600673303892453e-01
5.864603441942720652e-01
5.864608079412757524e-01
5.864614239634149406e-01
5.864621438095102279e-01
5.864629397931732102e-01
5.864637842280157054e-01
5.864646563492464937e-01
5.864655284704771709e-01
5.864663867485138127e-01
5.864672242617593456e-01
5.864680202454223279e-01
5.864687746995028705e-01
5.864694807024040113e-01
5.864701313325285659e-01
5.864707265898765343e-01
5.864712664744480275e-01
5.864717509862428235e-01
5.864721732036640711e-01
5.864725538915029901e-01
5.864728792065652119e-01
5.864731560704479207e-01
5.864733914047483010e-01
5.864735852094663526e-01
5.864737513277958891e-01
5.864738759165432080e-01
5.864739797404993071e-01
5.864740558780670021e-01
5.864741043292465150e-01
5.864741389372318814e-01
5.864741597020231012e-01
5.864741597020231012e-01
5.864741527804260279e-01
5.864741389372318814e-01
5.864741181724406616e-01
5.864740835644552952e-01
5.864740489564699288e-01
5.864740143484846735e-01
5.864739797404993071e-01
5.864739382109167565e-01
5.864738966813344279e-01
5.864738620733490615e-01
5.864738205437667329e-01
5.864737859357813665e-01
5.864737513277958891e-01
5.864737236414077071e-01
5.864736959550194140e-01
5.864736682686311209e-01
5.864736475038399011e-01
5.864736267390487923e-01
5.864736128958546457e-01
5.864735921310634259e-01
5.864735852094663526e-01
5.864735713662720951e-01
5.864735644446750218e-01
5.864735575230779485e-01
5.864735506014808752e-01
5.864735436798838020e-01
5.864735436798838020e-01
5.864735436798838020e-01
5.864735367582868397e-01
5.864735367582868397e-01
5.864735367582868397e-01
5.864735367582868397e-01
5.864735367582868397e-01
5.864735367582868397e-01
5.864735436798838020e-01
5.864735436798838020e-01
5.864735436798838020e-01
5.864735436798838020e-01
5.864735436798838020e-01
5.864735506014808752e-01
5.864735506014808752e-01
5.864735506014808752e-01
5.864735506014808752e-01
5.864735506014808752e-01
5.864735506014808752e-01
5.864735506014808752e-01
5.864735575230779485e-01
5.864735575230779485e-01
5.864735575230779485e-01
5.864735575230779485e-01
5.864735575230779485e-01
5.864735575230779485e-01
5.864735575230779485e-01
5.864735575230779485e-01
5.864735575230779485e-01
5.864735575230779485e-01
5.864735575230779485e-01
5.864735575230779485e-01
5.864735575230779485e-01
5.864735575230779485e-01
5.864735644446750218e-01
5.864735644446750218e-01
5.864735644446750218e-01
5.864735644446750218e-01
5.864735644446750218e-01
5.864735644446750218e-01
5.864735644446750218e-01
5.864735644446750218e-01
5.864735644446750218e-01
5.864735644446750218e-01
5.864735644446750218e-01
5.864735644446750218e-01
5.864735644446750218e-01
5.864735644446750218e-01
